#UF3 POT
3B 0 3 nk
10.0 5.0 5.0 31 19 19
0.5 0.5 0.5 0.5 0.66000000000000014 0.90874163453487755 1.0784320467941366 1.2192602952663363 1.3476211171434782 1.4723788828565216 1.6007397047336633 1.7415679532058632 1.9112583654651223 2.1599999999999997 2.7200000000000006 3.2800000000000011 3.8400000000000007 4.4000000000000004 4.9600000000000009 5.5200000000000005 6.0800000000000001 6.6400000000000006 7.2000000000000002 7.7599999999999998 8.3200000000000003 8.8800000000000008 9.4399999999999995 10 10 10 10
0.5 0.5 0.5 0.5 0.78500000000000003 1.0673902951275047 1.2510502460552804 1.4099999999999999 1.5689497539447197 1.7526097048724951 2.0349999999999997 2.6280000000000001 3.2210000000000001 3.8140000000000001 4.407 5 5 5 5
0.5 0.5 0.5 0.5 0.78500000000000003 1.0673902951275047 1.2510502460552804 1.4099999999999999 1.5689497539447197 1.7526097048724951 2.0349999999999997 2.6280000000000001 3.2210000000000001 3.8140000000000001 4.407 5 5 5 5
15 15 27
1.0552105988699532 -1.7764642798739547 -2.1565540072807043 0.6646149053158178 4.410525417240039 6.8549844254866885 0.6836227980860741 -1.794364207970802 -1.8948419865094694 -4.22965851060217 0.0 0.0 0.0 0.0 0.0 0.0 0.0 0.0 0.0 0.0 0.0 0.0 0.0 0.0 0.0 0.0 0.0
-1.268688786121366 2.870302124993167 2.6881690411807497 -1.0843589040766473 0.9790612305659456 -2.2759388154488667 -0.38559515306876835 -1.4218812991638379 -0.7927973723673036 -3.3380479631692888 -4.024721276148298 0.15609001289607566 0.0 0.0 0.0 0.0 0.0 0.0 0.0 0.0 0.0 0.0 0.0 0.0 0.0 0.0 0.0
2.062862659653841 1.2151903480116497 4.272187562795133 -2.493123045299623 -2.5894821390372895 2.3140802978194306 2.0651781651383194 3.9274849722775134 1.9983630951594273 -3.1691255115715604 -3.0353059832458547 -5.0882638338350095 -2.35641360825405 0.0 0.0 0.0 0.0 0.0 0.0 0.0 0.0 0.0 0.0 0.0 0.0 0.0 0.0
1.8002953042425476 0.23819955449845934 2.9494192378747375 4.630948619094011 -0.6587802783233664 -0.6103673588346646 -2.5273878835777235 -2.2688654733480003 1.635921406431155 0.6103028919000814 4.606609001390529 5.154143625212166 1.2582448705622693 3.3460154913337985 0.0 0.0 0.0 0.0 0.0 0.0 0.0 0.0 0.0 0.0 0.0 0.0 0.0
0.8865203213465394 -6.476362213775902 -1.8467892373023342 -4.368041615435879 -4.204835043606667 2.584127848003425 -2.819330738001901 1.716596472083105 3.969251847084118 -0.92183555189004 -0.5586962427168487 1.7302369327933997 4.128709226610112 5.319688737175641 0.0 0.0 0.0 0.0 0.0 0.0 0.0 0.0 0.0 0.0 0.0 0.0 0.0
1.970076930388933 2.1466169625775113 2.4097957457539443 -1.913099731313267 7.147469898818153 -0.11182339729362488 -0.4247559879306599 -0.16971082488924039 -2.5596453983240846 -0.9320019880323904 2.077206004244632 -4.496277185401741 -0.4061905009808808 2.5490559278840714 0.0 0.0 0.0 0.0 0.0 0.0 0.0 0.0 0.0 0.0 0.0 0.0 0.0
-0.8874804988007432 4.557523415100862 5.307919521581046 1.9858858188216304 4.30687789614724 -2.744242110465954 -2.602270788449175 -0.037892487691566876 -1.7224347659025905 1.4126716223345905 3.7189814429954624 -0.4233322435141669 -3.9875535149968684 -5.920464149877181 -3.722184407531048 0.0 0.0 0.0 0.0 0.0 0.0 0.0 0.0 0.0 0.0 0.0 0.0
-1.4017399464829559 -6.510524633479507 1.8623669716753786 -3.596863894385642 -1.0315614927541483 3.036534475100175 1.2001421005057018 0.8160964822206069 3.8455489749429286 -5.134518626147033 -3.141898499211684 1.3993108168684272 -1.4861092922632175 1.7351951758821076 4.074056630670108 0.9158980747758942 0.0 0.0 0.0 0.0 0.0 0.0 0.0 0.0 0.0 0.0 0.0
0.0 2.028232757467298 2.9860611608346264 0.003957211199294049 -1.047125293126969 -1.9507650586507856 1.9907749112879867 -0.6512534281192236 -4.282299638703574 -1.7042316138484133 2.606672748365938 5.970026346814688 7.621944858681596 -0.8410401617276665 1.7268746361318952 1.7956597583005416 5.658184459941229 0.0 0.0 0.0 0.0 0.0 0.0 0.0 0.0 0.0 0.0
0.0 0.0 5.397657483317336 -1.906442241192422 -4.836816781621598 0.45852083101709956 -0.7802106185186494 -0.5521487622220873 2.889277617476077 -4.386985658919827 -5.641281247672247 -4.637653995676468 -7.767279395982054 -2.912416994532537 -3.781445821247811 -4.5908649285312775 -5.9385159438202075 -4.11477655816323 0.0 0.0 0.0 0.0 0.0 0.0 0.0 0.0 0.0
0.0 0.0 0.0 0.0 3.588378323254535 0.2227819086849507 3.08929223942492 3.725095233093642 -0.6512631853121711 -5.097703435944286 -5.180495359339218 -4.563182308763836 -2.952818136433072 -4.241580966916335 -3.6005406351570888 -4.342635404894121 -5.74846716384374 -2.9752575695042776 3.6432649029086814 0.0 0.0 0.0 0.0 0.0 0.0 0.0 0.0
0.0 0.0 0.0 0.0 0.0 0.0 0.0 0.0 1.5055230327086144 -3.459560356667145 4.818994000412976 3.363295215286411 6.363825330419541 5.226225296143989 -2.125167366667542 -0.7416260521010832 1.6916422354529628 5.216248523298487 1.7561817072214578 0.2668535521787998 0.0 0.0 0.0 0.0 0.0 0.0 0.0
0.0 0.0 0.0 0.0 0.0 0.0 0.0 0.0 0.0 0.0 0.0 0.0 0.0 0.0 0.0 0.0 0.0 0.0 0.0 0.0 0.0 0.0 0.0 0.0 0.0 0.0 0.0
0.0 0.0 0.0 0.0 0.0 0.0 0.0 0.0 0.0 0.0 0.0 0.0 0.0 0.0 0.0 0.0 0.0 0.0 0.0 0.0 0.0 0.0 0.0 0.0 0.0 0.0 0.0
0.0 0.0 0.0 0.0 0.0 0.0 0.0 0.0 0.0 0.0 0.0 0.0 0.0 0.0 0.0 0.0 0.0 0.0 0.0 0.0 0.0 0.0 0.0 0.0 0.0 0.0 0.0
-1.268688786121366 2.870302124993167 2.6881690411807497 -1.0843589040766473 0.9790612305659456 -2.2759388154488667 -0.38559515306876835 -1.4218812991638379 -0.7927973723673036 -3.3380479631692888 -4.024721276148298 0.15609001289607566 0.0 0.0 0.0 0.0 0.0 0.0 0.0 0.0 0.0 0.0 0.0 0.0 0.0 0.0 0.0
3.4708266463768487 -2.779939528132241 -0.046223529384727194 0.4734400738974443 -3.252496144933358 -5.46978658095422 -4.972132068956003 1.095560103733957 3.4469694075041812 0.32038598144916763 -2.4416423793120723 0.1879741673874279 4.19457910165307 0.0 0.0 0.0 0.0 0.0 0.0 0.0 0.0 0.0 0.0 0.0 0.0 0.0 0.0
5.138513365863579 5.0953770343624205 -0.20957748705909623 -12.786536251359024 -6.389634455052153 -0.9484575514350112 2.8939461149729295 3.5589777230785558 1.809123130048179 -4.106932405500265 0.8819418780437692 1.1771494763767791 -2.8128365417521723 -4.925980117868937 0.0 0.0 0.0 0.0 0.0 0.0 0.0 0.0 0.0 0.0 0.0 0.0 0.0
-5.1676682898773345 -4.739340970397603 2.2565413832455095 3.13819085648152 2.743573794345383 6.303894181994768 6.684291047632954 2.251909147656645 -2.012050628055964 -0.053206153026144155 -3.087049255086008 -2.102255530254642 -0.5553240223231549 -2.255930044771488 0.0 0.0 0.0 0.0 0.0 0.0 0.0 0.0 0.0 0.0 0.0 0.0 0.0
-3.8863324680527964 4.335370924935621 6.126808966353023 8.723758991350804 4.388356932516029 -3.168898259248608 -6.636307465991518 -3.3769255708398953 3.9939758256460984 6.675616144594894 3.743448458372429 3.9733664667956385 5.390675925496117 2.432807259430635 0.0 0.0 0.0 0.0 0.0 0.0 0.0 0.0 0.0 0.0 0.0 0.0 0.0
4.509057579260906 7.602916170678774 -0.21365777471811323 -1.604925510813482 0.8106914118552282 -1.3715350743173274 -7.64313792003796 -6.056439144290389 -0.661626349244349 -3.277855717062734 -1.3208790389627825 1.8008608402321475 1.7679791997259526 -7.798018079629331 -8.342201600113055 0.0 0.0 0.0 0.0 0.0 0.0 0.0 0.0 0.0 0.0 0.0 0.0
-8.352892608316715 -8.29881133750503 -2.91721722922151 1.1165109819532515 2.7071200458014797 6.491074612543838 -3.598361846922315 -0.3263860753874543 -2.0119922927994516 -0.9673907728296133 1.935481504564595 0.10637569545461924 0.9763203815336051 -0.8582698292910972 -11.475284583315156 0.0 0.0 0.0 0.0 0.0 0.0 0.0 0.0 0.0 0.0 0.0 0.0
-5.5673535425189 -1.0381661149327712 -0.3622060682677823 -3.1666731986895384 2.5145233241363054 4.920864741268136 -0.7217103822375591 -3.283899890002068 -1.8360129079380358 4.09993731975576 1.9197478119056353 -1.1966845922066733 -0.8659260389897881 -1.6564482891911883 1.1429290074446246 2.1664004891152535 0.0 0.0 0.0 0.0 0.0 0.0 0.0 0.0 0.0 0.0 0.0
1.5304206281280224 -4.645874465293561 2.572331238367289 1.191665763848595 -4.163164942362079 -6.843764400685602 -4.014391606613076 -3.025629907820192 -1.1947885300105536 2.9098581960042837 -0.62408159076728 7.38152064757819 3.021084934555893 1.9835963787822197 -2.2103183946509657 0.1475195685284111 3.6127747256740825 0.0 0.0 0.0 0.0 0.0 0.0 0.0 0.0 0.0 0.0
0.0 -0.2751493991054775 -2.250458971508714 -0.7834894354900951 -0.8795874402169327 -1.2970208215460297 -3.5865287313798864 2.1029757646744436 8.58398395632421 3.7226277738174485 -3.4053404508584753 -0.06020685166920683 -6.605652813246217 12.279880601659249 7.795545440892694 3.766129855716509 0.3096590333033567 -0.6136109562609883 0.0 0.0 0.0 0.0 0.0 0.0 0.0 0.0 0.0
0.0 0.0 1.9544266468970204 -1.3820032591313525 0.3803989872997056 -4.669262390860102 -1.6715339409657668 -3.096181794395594 -0.8082935428934426 -3.4035189369743066 -2.531147676586152 1.7113993465593706 -2.8994228922240732 0.30673399481640534 5.340584249450048 -1.9700102257643066 -4.26115971328006 -6.7681539943803 -6.40884877032807 0.0 0.0 0.0 0.0 0.0 0.0 0.0 0.0
0.0 0.0 0.0 0.0 0.0 0.0 -5.153064345464545 -9.346473282870223 -9.156616018323872 3.106578270612275 2.5597260268558144 -9.138196585982072 -11.324351370907495 -0.040680982537877226 3.8552769684028787 -0.4963112734873768 4.458728317261252 4.499372230731141 3.886872512942415 -2.002865767261792 0.0 0.0 0.0 0.0 0.0 0.0 0.0
0.0 0.0 0.0 0.0 0.0 0.0 0.0 0.0 0.0 0.0 0.0 0.0 0.0 0.0 0.0 0.0 0.0 0.0 0.0 0.0 0.0 0.0 0.0 0.0 0.0 0.0 0.0
0.0 0.0 0.0 0.0 0.0 0.0 0.0 0.0 0.0 0.0 0.0 0.0 0.0 0.0 0.0 0.0 0.0 0.0 0.0 0.0 0.0 0.0 0.0 0.0 0.0 0.0 0.0
0.0 0.0 0.0 0.0 0.0 0.0 0.0 0.0 0.0 0.0 0.0 0.0 0.0 0.0 0.0 0.0 0.0 0.0 0.0 0.0 0.0 0.0 0.0 0.0 0.0 0.0 0.0
2.062862659653841 1.2151903480116497 4.272187562795133 -2.493123045299623 -2.5894821390372895 2.3140802978194306 2.0651781651383194 3.9274849722775134 1.9983630951594273 -3.1691255115715604 -3.0353059832458547 -5.0882638338350095 -2.35641360825405 0.0 0.0 0.0 0.0 0.0 0.0 0.0 0.0 0.0 0.0 0.0 0.0 0.0 0.0
5.138513365863579 5.0953770343624205 -0.20957748705909623 -12.786536251359024 -6.389634455052153 -0.9484575514350112 2.8939461149729295 3.5589777230785558 1.809123130048179 -4.106932405500265 0.8819418780437692 1.1771494763767791 -2.8128365417521723 -4.925980117868937 0.0 0.0 0.0 0.0 0.0 0.0 0.0 0.0 0.0 0.0 0.0 0.0 0.0
0.5662285580810613 5.664165515428594 6.068854042018543 0.8648470607163393 3.055572905656291 5.819595999604356 3.338988601764286 3.0158072190787433 0.6666048927595345 -6.006911646590729 -0.30033940916698587 5.3027564465923165 7.866811126028102 10.106216723298097 0.0 0.0 0.0 0.0 0.0 0.0 0.0 0.0 0.0 0.0 0.0 0.0 0.0
6.7046719442682186 2.434674158855181 5.45713281179367 -2.2208612870826645 9.678467916296398 5.631941593681125 6.74300021783838 2.1048272718544943 -4.207894684591632 -0.5324974714507046 1.3033880953617767 3.8255214566049633 -1.0791476905235498 -3.90019711806087 0.0 0.0 0.0 0.0 0.0 0.0 0.0 0.0 0.0 0.0 0.0 0.0 0.0
-2.972237906595295 -2.8956961325203157 -7.443959863001575 -0.7141465656311419 0.032135233346964776 -2.0312723187328863 -1.2350730485217196 -0.8227354083135958 -2.9044699788470614 2.091188280157408 -3.9143428471374357 -8.470013345680659 -6.120072152734565 -6.008288705225215 -7.048790439373358 0.0 0.0 0.0 0.0 0.0 0.0 0.0 0.0 0.0 0.0 0.0 0.0
-3.4877965185947666 5.976062443205262 1.996887960493711 -1.497716307382439 -0.48771767471822447 -1.77717737777283 2.1518654366666032 3.5909132087899853 -0.978192664518506 1.039835937799042 2.7630795604589995 1.073733105655507 0.05327102504346791 3.9609164671442003 4.509364663424978 0.0 0.0 0.0 0.0 0.0 0.0 0.0 0.0 0.0 0.0 0.0 0.0
7.7140273922686555 5.633378173881738 2.3169042289307487 1.5441173692740189 3.64033888858467 5.408103682432297 7.539535293478697 1.9595757636506206 3.2232341257456953 6.566376761005071 4.373656962617028 0.6226896145826436 -6.383978098525969 -1.2656552822967133 3.334181091228329 -0.46431154558182264 0.0 0.0 0.0 0.0 0.0 0.0 0.0 0.0 0.0 0.0 0.0
-4.47896461133366 -3.913612630547045 0.3596447228102909 5.25569501926387 1.5450464747032828 0.6876805906238789 -1.4543730663248826 -3.989437013364975 -2.254858706793049 0.5893251053719022 1.9097888733573996 -1.979974069805788 6.5543554279170895 0.6781001063300791 2.097806833961573 -0.006624543034164923 1.0782830276231858 0.0 0.0 0.0 0.0 0.0 0.0 0.0 0.0 0.0 0.0
-1.7590024246831644 -3.2804428142132984 -1.0727824647521997 1.2862599081784063 1.4751968883562045 5.822836767371604 -0.14843880717841185 -0.2589212050830033 1.635426747285906 0.9457787502033818 -0.46313351313721846 -2.853805998906827 -4.700125549407702 -1.567714870611545 -1.957341214018478 0.44506713200649234 1.557909917089158 -2.3730066781968 0.0 0.0 0.0 0.0 0.0 0.0 0.0 0.0 0.0
-3.0392329025127514 -2.6652434451422353 -5.617789689767773 -4.14053461589603 -1.2941253165954274 -0.19613610512495322 1.2746007176059082 -3.090576011159805 0.9407041061724031 2.517846119443217 -0.07361992612576188 0.5918103276339577 0.08693506356012153 -4.298493531745489 1.3158038360862625 -0.3518209147625745 -2.3992959056495007 -2.0513951513852025 -6.0165364359412505 0.0 0.0 0.0 0.0 0.0 0.0 0.0 0.0
0.0 -2.6051795092175882 0.47169097559996337 -0.14449000837599624 -0.09180984664228777 0.41244291783537546 3.0546539325670405 4.468435396377582 0.4306331371449849 -2.465425650303051 -2.4210108255726053 -2.7546209330178666 6.072571234540367 0.024859939297604803 2.090286660285654 0.04718751564422746 -3.723382654578724 -4.174124489589018 0.03968025939577282 -3.5718956144776497 0.0 0.0 0.0 0.0 0.0 0.0 0.0
0.0 0.0 0.0 0.0 0.0 -1.3712529975259977 -0.19356943192290121 -2.7324658656602585 0.6570864001295273 1.4382878922185376 -1.3514226505511695 0.6470176014768287 -4.018413312522206 -2.4103112233706496 1.3117142081242892 0.7993303771446272 -0.667496221022101 -0.7540297355170177 -2.2499484537588352 -1.7657552146165199 -2.635294864006284 0.0 0.0 0.0 0.0 0.0 0.0
0.0 0.0 0.0 0.0 0.0 0.0 0.0 0.0 0.0 0.0 0.0 0.0 0.0 0.0 0.0 0.0 0.0 0.0 0.0 0.0 0.0 0.0 0.0 0.0 0.0 0.0 0.0
0.0 0.0 0.0 0.0 0.0 0.0 0.0 0.0 0.0 0.0 0.0 0.0 0.0 0.0 0.0 0.0 0.0 0.0 0.0 0.0 0.0 0.0 0.0 0.0 0.0 0.0 0.0
0.0 0.0 0.0 0.0 0.0 0.0 0.0 0.0 0.0 0.0 0.0 0.0 0.0 0.0 0.0 0.0 0.0 0.0 0.0 0.0 0.0 0.0 0.0 0.0 0.0 0.0 0.0
1.8002953042425476 0.23819955449845934 2.9494192378747375 4.630948619094011 -0.6587802783233664 -0.6103673588346646 -2.5273878835777235 -2.2688654733480003 1.635921406431155 0.6103028919000814 4.606609001390529 5.154143625212166 1.2582448705622693 3.3460154913337985 0.0 0.0 0.0 0.0 0.0 0.0 0.0 0.0 0.0 0.0 0.0 0.0 0.0
-5.1676682898773345 -4.739340970397603 2.2565413832455095 3.13819085648152 2.743573794345383 6.303894181994768 6.684291047632954 2.251909147656645 -2.012050628055964 -0.053206153026144155 -3.087049255086008 -2.102255530254642 -0.5553240223231549 -2.255930044771488 0.0 0.0 0.0 0.0 0.0 0.0 0.0 0.0 0.0 0.0 0.0 0.0 0.0
6.7046719442682186 2.434674158855181 5.45713281179367 -2.2208612870826645 9.678467916296398 5.631941593681125 6.74300021783838 2.1048272718544943 -4.207894684591632 -0.5324974714507046 1.3033880953617767 3.8255214566049633 -1.0791476905235498 -3.90019711806087 0.0 0.0 0.0 0.0 0.0 0.0 0.0 0.0 0.0 0.0 0.0 0.0 0.0
-3.549607345021969 -1.9146406303214902 -2.7700768520044927 2.4815552848492426 -5.1976607313687255 -4.0540165733192275 0.3676001567768981 0.2795996687975625 -0.05635991251432331 4.358579371045789 -0.7518635300180322 0.6932768157681495 1.1695658109959064 -2.83837707420478 -2.8113664320121012 0.0 0.0 0.0 0.0 0.0 0.0 0.0 0.0 0.0 0.0 0.0 0.0
-0.942822934244357 -2.2155968436623965 4.628554315352266 6.0267548108131805 4.314184428987357 5.584370752596921 3.9542410261131895 0.7857619075708594 -5.06687489338131 -6.669919762686369 0.5453231806663786 6.243202303311785 6.205906529558016 6.205366603113768 -0.3796019877692909 0.0 0.0 0.0 0.0 0.0 0.0 0.0 0.0 0.0 0.0 0.0 0.0
0.18885072215855034 -1.1479027721663795 0.5523680780129134 3.2582532862630504 0.1462365353351231 -2.684231133628182 0.8201532668950157 3.5826658689112447 5.350291761031572 5.829624852607524 -1.173444645684636 -3.872955670954165 -1.4328322082137288 -2.8677939637034386 1.2778440535611724 0.0 0.0 0.0 0.0 0.0 0.0 0.0 0.0 0.0 0.0 0.0 0.0
-0.5155709954677932 -0.08538202036492687 0.7445615315679252 1.7476993747648963 4.5517148025618095 -2.1647691286794606 1.6603164052125825 4.230663376555721 3.0147733794188656 0.18806270433300815 0.2137242586462854 1.267398885442537 0.5758586551497534 -0.7957740532932228 -0.09884703072511995 0.7615416269605824 0.0 0.0 0.0 0.0 0.0 0.0 0.0 0.0 0.0 0.0 0.0
-0.7591782622749039 -2.4474136771899757 0.21741258983362446 1.3789614912312649 1.2617257428335342 6.256296375324803 0.07030918744661685 2.013742961685272 4.110899030053243 2.575349818361854 0.039593870079133515 -0.8553053117948678 3.8970042314279802 2.849721216285515 2.2159206774166256 6.117024911641671 -1.0039215034682876 0.0 0.0 0.0 0.0 0.0 0.0 0.0 0.0 0.0 0.0
-1.1467636511523704 -1.7845826970083833 -2.8037269210014766 -1.3958925944815914 0.34082119786030357 6.750801886901911 8.554363031564904 4.4712771741317345 2.3939588439414607 5.209403092876652 5.902939297712224 0.6218244454210511 -0.4974512021906546 0.42859545417837525 -6.700721557367635 -6.136702567153185 -7.266998439279089 -4.43434396200314 0.0 0.0 0.0 0.0 0.0 0.0 0.0 0.0 0.0
1.3553542878060003 4.0373346215149075 -5.066800664937696 -4.838845080573264 -4.1290842369387635 -5.419388845325244 -4.962667575527327 -3.495340237073588 -4.048123258518584 -1.9227614803752489 -3.210065673514197 -3.497786834811682 1.3271417465402606 4.5516982368882015 2.504143316185282 -0.8610134589294519 2.7601425395313877 0.7348592108639624 1.7459083352606783 0.0 0.0 0.0 0.0 0.0 0.0 0.0 0.0
0.7060418909983623 -4.37430786522722 -4.829820818373383 8.19246923059471 14.620718122629722 12.531782257892292 2.619589799053944 -5.046328511985608 -5.071202441742488 -0.08019318309539371 0.5943764854474511 -0.6288619007343962 -2.316479660416162 -0.8960862782140131 2.2966343283317436 0.01596258353730281 -0.16521353890501878 2.773027666799716 -1.2346087967793646 -2.151184695744087 0.0 0.0 0.0 0.0 0.0 0.0 0.0
0.0 0.0 0.0 0.037918921111766805 -0.9004271014727209 -4.17781449583199 -1.0566910273684518 3.936821661299235 3.6197015164666158 5.654121170716202 5.682299431395125 3.5782675394238344 -3.407984244801288 -1.3211817242596142 2.0328495067890415 0.05776747843904727 0.08054179376149977 -0.13018822923241827 -0.6775637582956068 8.706309531892428 -4.084237775084648 0.0 0.0 0.0 0.0 0.0 0.0
0.0 0.0 0.0 0.0 0.0 0.0 0.0 0.0 0.0 0.0 0.0 0.0 0.0 0.0 0.0 0.0 0.0 0.0 0.0 0.0 0.0 0.0 0.0 0.0 0.0 0.0 0.0
0.0 0.0 0.0 0.0 0.0 0.0 0.0 0.0 0.0 0.0 0.0 0.0 0.0 0.0 0.0 0.0 0.0 0.0 0.0 0.0 0.0 0.0 0.0 0.0 0.0 0.0 0.0
0.0 0.0 0.0 0.0 0.0 0.0 0.0 0.0 0.0 0.0 0.0 0.0 0.0 0.0 0.0 0.0 0.0 0.0 0.0 0.0 0.0 0.0 0.0 0.0 0.0 0.0 0.0
0.8865203213465394 -6.476362213775902 -1.8467892373023342 -4.368041615435879 -4.204835043606667 2.584127848003425 -2.819330738001901 1.716596472083105 3.969251847084118 -0.92183555189004 -0.5586962427168487 1.7302369327933997 4.128709226610112 5.319688737175641 0.0 0.0 0.0 0.0 0.0 0.0 0.0 0.0 0.0 0.0 0.0 0.0 0.0
-3.8863324680527964 4.335370924935621 6.126808966353023 8.723758991350804 4.388356932516029 -3.168898259248608 -6.636307465991518 -3.3769255708398953 3.9939758256460984 6.675616144594894 3.743448458372429 3.9733664667956385 5.390675925496117 2.432807259430635 0.0 0.0 0.0 0.0 0.0 0.0 0.0 0.0 0.0 0.0 0.0 0.0 0.0
-2.972237906595295 -2.8956961325203157 -7.443959863001575 -0.7141465656311419 0.032135233346964776 -2.0312723187328863 -1.2350730485217196 -0.8227354083135958 -2.9044699788470614 2.091188280157408 -3.9143428471374357 -8.470013345680659 -6.120072152734565 -6.008288705225215 -7.048790439373358 0.0 0.0 0.0 0.0 0.0 0.0 0.0 0.0 0.0 0.0 0.0 0.0
-0.942822934244357 -2.2155968436623965 4.628554315352266 6.0267548108131805 4.314184428987357 5.584370752596921 3.9542410261131895 0.7857619075708594 -5.06687489338131 -6.669919762686369 0.5453231806663786 6.243202303311785 6.205906529558016 6.205366603113768 -0.3796019877692909 0.0 0.0 0.0 0.0 0.0 0.0 0.0 0.0 0.0 0.0 0.0 0.0
-3.256052507312635 -1.7997611898097008 0.3802868383330839 3.333787939440121 -0.11023700013163784 -2.9975570932367877 0.6394994857782357 -2.057086655290333 2.9798542932145655 6.353471259483952 5.025455043486157 2.7155086469316165 7.074403470834822 6.573598217164373 4.036811084934988 0.0 0.0 0.0 0.0 0.0 0.0 0.0 0.0 0.0 0.0 0.0 0.0
1.9462237298424652 0.3721330894258348 4.837900128671372 8.019819404049843 5.063149060627087 5.50013845901767 0.09221431710207839 -0.5880587542910614 -0.6006821218420374 -0.6277083638852972 -0.0753515768926318 -0.5470375718970163 -0.9559823758613357 1.0102413446871927 1.5950638308544243 3.577492200406049 0.0 0.0 0.0 0.0 0.0 0.0 0.0 0.0 0.0 0.0 0.0
1.4783755243683756 -0.322000684274523 6.892432833663106 7.087402759760677 9.52897148709363 1.9341351713498056 0.8896117436709613 1.3878508175188276 1.2903616079897537 -1.652491883235684 -4.366453843351465 -6.108569560375204 -5.263114358928112 0.058644845273422036 6.296696721844811 4.8144592613150365 0.0 0.0 0.0 0.0 0.0 0.0 0.0 0.0 0.0 0.0 0.0
7.274318049269437 6.222579140581993 2.0794619173138327 -0.2536233952648281 3.4117264032880437 -1.6043291444050116 -0.25109416527599177 1.7936022720720555 3.044850555899817 2.5830976664969074 2.4645919695499656 0.14187826795880035 -5.828950055047401 0.31289176137914815 -0.7811178743305645 -2.334098522054104 -7.477424108574951 0.0 0.0 0.0 0.0 0.0 0.0 0.0 0.0 0.0 0.0
-4.9649186901380125 0.3004179914871601 -0.39727648330764986 -4.218059329146221 -7.870842235272979 -2.027205463119472 2.139750924703761 3.9171623134868727 3.813808725649983 2.071222073894158 -0.491558554706427 -4.476833009459231 -5.714271024544728 0.3979166791077487 8.259458728392456 -1.241697576772816 -20.034318720560137 -14.519008773833864 0.0 0.0 0.0 0.0 0.0 0.0 0.0 0.0 0.0
-5.858358144972694 -1.4138261489927209 -1.4426670016153942 -3.522767295471932 -5.697473827002148 -2.3755217571572382 -1.1143361988620042 1.7000788577137367 4.0451586052223 3.383329480712407 3.732119432913645 2.6244689687270975 0.7833267343276142 1.9033464223229108 3.110291792896729 0.0369955440416447 -0.4062763160954462 1.4491739693413086 5.162051163588799 0.0 0.0 0.0 0.0 0.0 0.0 0.0 0.0
4.211485533888439 4.441248892578709 4.845015029123592 7.230678787289729 8.998086978502487 -8.105155115971142 1.3713742944671217 2.3385789262824277 1.427341909039681 1.6403512541973797 1.177591698326431 0.8534764440056218 -0.17998760014484994 -0.6821612940324717 -0.9365466672135491 0.018174905406151267 0.07708814913317738 -0.11866500196634201 -7.469622140162671 -8.007600499088122 0.0 0.0 0.0 0.0 0.0 0.0 0.0
0.0 0.0 -7.476681524594562 -4.15494552674415 -1.6544899355406946 -1.4036115391251176 -0.826243915303041 -0.6647975383644552 -4.029093635856873 -10.64144592062111 -6.451105104271633 -5.419823378231991 -1.4064279884718374 1.1937978188673286 1.693387249601092 0.04572117452961042 -0.011331712568607778 0.03530875386904007 -0.3826483610010877 1.7025362963786412 -0.035086416272241516 0.0 0.0 0.0 0.0 0.0 0.0
0.0 0.0 0.0 0.0 0.0 0.0 0.0 0.0 0.0 0.0 0.0 0.0 0.0 0.0 0.0 0.0 0.0 0.0 0.0 0.0 0.0 0.0 0.0 0.0 0.0 0.0 0.0
0.0 0.0 0.0 0.0 0.0 0.0 0.0 0.0 0.0 0.0 0.0 0.0 0.0 0.0 0.0 0.0 0.0 0.0 0.0 0.0 0.0 0.0 0.0 0.0 0.0 0.0 0.0
0.0 0.0 0.0 0.0 0.0 0.0 0.0 0.0 0.0 0.0 0.0 0.0 0.0 0.0 0.0 0.0 0.0 0.0 0.0 0.0 0.0 0.0 0.0 0.0 0.0 0.0 0.0
1.970076930388933 2.1466169625775113 2.4097957457539443 -1.913099731313267 7.147469898818153 -0.11182339729362488 -0.4247559879306599 -0.16971082488924039 -2.5596453983240846 -0.9320019880323904 2.077206004244632 -4.496277185401741 -0.4061905009808808 2.5490559278840714 0.0 0.0 0.0 0.0 0.0 0.0 0.0 0.0 0.0 0.0 0.0 0.0 0.0
4.509057579260906 7.602916170678774 -0.21365777471811323 -1.604925510813482 0.8106914118552282 -1.3715350743173274 -7.64313792003796 -6.056439144290389 -0.661626349244349 -3.277855717062734 -1.3208790389627825 1.8008608402321475 1.7679791997259526 -7.798018079629331 -8.342201600113055 0.0 0.0 0.0 0.0 0.0 0.0 0.0 0.0 0.0 0.0 0.0 0.0
-3.4877965185947666 5.976062443205262 1.996887960493711 -1.497716307382439 -0.48771767471822447 -1.77717737777283 2.1518654366666032 3.5909132087899853 -0.978192664518506 1.039835937799042 2.7630795604589995 1.073733105655507 0.05327102504346791 3.9609164671442003 4.509364663424978 0.0 0.0 0.0 0.0 0.0 0.0 0.0 0.0 0.0 0.0 0.0 0.0
0.18885072215855034 -1.1479027721663795 0.5523680780129134 3.2582532862630504 0.1462365353351231 -2.684231133628182 0.8201532668950157 3.5826658689112447 5.350291761031572 5.829624852607524 -1.173444645684636 -3.872955670954165 -1.4328322082137288 -2.8677939637034386 1.2778440535611724 0.0 0.0 0.0 0.0 0.0 0.0 0.0 0.0 0.0 0.0 0.0 0.0
1.9462237298424652 0.3721330894258348 4.837900128671372 8.019819404049843 5.063149060627087 5.50013845901767 0.09221431710207839 -0.5880587542910614 -0.6006821218420374 -0.6277083638852972 -0.0753515768926318 -0.5470375718970163 -0.9559823758613357 1.0102413446871927 1.5950638308544243 3.577492200406049 0.0 0.0 0.0 0.0 0.0 0.0 0.0 0.0 0.0 0.0 0.0
-4.342569076976215 -4.269886505787949 -0.5369710418509828 1.413441030087854 -2.0815722988622807 4.21222894002833 2.655039905355303 -0.5794483950724775 -2.286760478950497 -1.2450320202178773 -0.42511014793590823 1.953014385731825 3.2099810395871278 -0.39971036438964674 -1.3036619599168362 -0.5557010832782241 0.0 0.0 0.0 0.0 0.0 0.0 0.0 0.0 0.0 0.0 0.0
5.898365364278158 5.018269269330752 6.244782275325472 -2.4726299303911046 -1.6492469207244569 1.843920682459313 3.01340693399733 1.9490229177246292 0.6643053281139991 -1.4318377726906075 -2.0932153214476523 -1.6579384618459985 1.7631635071305385 0.36980406194736987 6.443063701926732 5.347766952310142 0.0 0.0 0.0 0.0 0.0 0.0 0.0 0.0 0.0 0.0 0.0
3.9967549907191495 0.8543753652928261 -1.998050910244127 5.125478337031143 -2.5345403765001757 1.4963681919871261 1.6611740406382152 1.628663502845765 1.0895043749527993 1.5563581782448335 0.9160576241259272 -0.4651089018195878 -3.872749864169453 -3.949464681865754 0.8556048668301511 -1.4390484081890167 1.0361502467474422 0.0 0.0 0.0 0.0 0.0 0.0 0.0 0.0 0.0 0.0
2.991491880338663 3.4656905470004022 2.441800731869376 -0.5306529139767038 -0.3544171078907127 -2.4977661164606197 -1.1832091377714304 0.48469549492257247 1.5260849206034637 0.6588349762784237 -1.1860195192379355 -4.632174434987021 -5.000483960698858 -1.4627101625239909 0.46930214974150486 -0.4187375261117762 -5.20142085966191 -2.59794775313992 0.5729061345168253 0.0 0.0 0.0 0.0 0.0 0.0 0.0 0.0
2.0535071918533343 2.427016681145941 2.2943593943726426 0.40533653993685886 2.885698619636034 2.101972273407804 -0.8014288832114295 -1.880297262229048 -1.3758807441638299 1.2127306926567398 2.398618684955311 2.463582299630672 0.8968808925059484 -0.71175511352764 -0.8436257357236574 -0.039555252802548596 0.08384987372297147 0.6724042465986504 0.7801384331671455 4.947349207859004 0.0 0.0 0.0 0.0 0.0 0.0 0.0
6.083046683370892 2.153392375513984 4.736069478618796 3.9121414045229046 0.901161650177206 -2.4268372418261377 -0.423674114946853 0.7346183587190025 1.647578319756455 1.9314513085054135 2.1526997809263975 2.2064610461466274 1.6022263253583577 -0.10943807851222885 -0.88083980924841 -0.021652541347039252 0.00823891044370079 0.03277944106147428 -1.4901871834041034 -1.3488217236897209 2.204787422779747 0.0 0.0 0.0 0.0 0.0 0.0
0.0 1.1564349160606373 -1.5155923774644717 -2.5024461366480906 -1.4479210543212366 1.0891184148804245 6.383840880978174 5.212706484921732 -1.3453562707734792 -2.9278955785825422 -0.9174466522221328 2.0299645573499103 1.928515692530256 1.2764060241056336 1.1599520213267394 0.04080354191039752 0.013116726838012792 0.005199410740925874 -0.09242287441049647 -0.9155700393947773 -1.2548058786810081 2.858646682973507 0.0 0.0 0.0 0.0 0.0
0.0 0.0 0.0 0.0 0.0 0.0 0.0 0.0 0.0 0.0 0.0 0.0 0.0 0.0 0.0 0.0 0.0 0.0 0.0 0.0 0.0 0.0 0.0 0.0 0.0 0.0 0.0
0.0 0.0 0.0 0.0 0.0 0.0 0.0 0.0 0.0 0.0 0.0 0.0 0.0 0.0 0.0 0.0 0.0 0.0 0.0 0.0 0.0 0.0 0.0 0.0 0.0 0.0 0.0
0.0 0.0 0.0 0.0 0.0 0.0 0.0 0.0 0.0 0.0 0.0 0.0 0.0 0.0 0.0 0.0 0.0 0.0 0.0 0.0 0.0 0.0 0.0 0.0 0.0 0.0 0.0
-0.8874804988007432 4.557523415100862 5.307919521581046 1.9858858188216304 4.30687789614724 -2.744242110465954 -2.602270788449175 -0.037892487691566876 -1.7224347659025905 1.4126716223345905 3.7189814429954624 -0.4233322435141669 -3.9875535149968684 -5.920464149877181 -3.722184407531048 0.0 0.0 0.0 0.0 0.0 0.0 0.0 0.0 0.0 0.0 0.0 0.0
-8.352892608316715 -8.29881133750503 -2.91721722922151 1.1165109819532515 2.7071200458014797 6.491074612543838 -3.598361846922315 -0.3263860753874543 -2.0119922927994516 -0.9673907728296133 1.935481504564595 0.10637569545461924 0.9763203815336051 -0.8582698292910972 -11.475284583315156 0.0 0.0 0.0 0.0 0.0 0.0 0.0 0.0 0.0 0.0 0.0 0.0
7.7140273922686555 5.633378173881738 2.3169042289307487 1.5441173692740189 3.64033888858467 5.408103682432297 7.539535293478697 1.9595757636506206 3.2232341257456953 6.566376761005071 4.373656962617028 0.6226896145826436 -6.383978098525969 -1.2656552822967133 3.334181091228329 -0.46431154558182264 0.0 0.0 0.0 0.0 0.0 0.0 0.0 0.0 0.0 0.0 0.0
-0.5155709954677932 -0.08538202036492687 0.7445615315679252 1.7476993747648963 4.5517148025618095 -2.1647691286794606 1.6603164052125825 4.230663376555721 3.0147733794188656 0.18806270433300815 0.2137242586462854 1.267398885442537 0.5758586551497534 -0.7957740532932228 -0.09884703072511995 0.7615416269605824 0.0 0.0 0.0 0.0 0.0 0.0 0.0 0.0 0.0 0.0 0.0
1.4783755243683756 -0.322000684274523 6.892432833663106 7.087402759760677 9.52897148709363 1.9341351713498056 0.8896117436709613 1.3878508175188276 1.2903616079897537 -1.652491883235684 -4.366453843351465 -6.108569560375204 -5.263114358928112 0.058644845273422036 6.296696721844811 4.8144592613150365 0.0 0.0 0.0 0.0 0.0 0.0 0.0 0.0 0.0 0.0 0.0
5.898365364278158 5.018269269330752 6.244782275325472 -2.4726299303911046 -1.6492469207244569 1.843920682459313 3.01340693399733 1.9490229177246292 0.6643053281139991 -1.4318377726906075 -2.0932153214476523 -1.6579384618459985 1.7631635071305385 0.36980406194736987 6.443063701926732 5.347766952310142 0.0 0.0 0.0 0.0 0.0 0.0 0.0 0.0 0.0 0.0 0.0
3.578414016805565 1.9845916157157018 1.6505807309882718 -0.579343090885113 -3.9053838410714126 -1.562598073354933 0.11620644051635706 0.6877766648605798 0.5638076724040316 -0.11343909477207027 -0.9070503381514656 -1.1724715946755107 0.47151799254051047 1.3625739950913591 -2.3149906620486465 0.015623649492183278 2.524495556817141 0.0 0.0 0.0 0.0 0.0 0.0 0.0 0.0 0.0 0.0
1.8813427951414685 -0.19152572166045517 -0.5965352183175489 -0.12549806421113077 0.03175805105947887 1.5774466910985587 2.481933471951099 2.034255375488845 1.0165205164099498 0.280942110216662 -0.19878579570291321 -0.864977675269968 -2.5533168227585694 -1.98720176926142 -0.40221165441344564 -2.3070716790971724 1.3463094786262768 1.8625207171299318 0.0 0.0 0.0 0.0 0.0 0.0 0.0 0.0 0.0
0.26386377343823525 -1.2994269536533913 -1.7608546684344246 -1.3112866513428265 -2.0483628711490542 2.2059956237224387 1.826515681370825 1.1792110815311214 1.0143408160633403 0.47813445524174664 -0.8273011379098494 -3.1658188365277695 -3.4906142045094635 -0.5124488501746637 0.3704324346798852 -0.4022717448626315 -1.8488967797896876 -0.23293711724206065 0.21092682707677968 0.0 0.0 0.0 0.0 0.0 0.0 0.0 0.0
0.6979689924222562 4.621729283559254 4.967107598759465 0.3250484873976375 5.461762817646552 2.0026497443218325 1.1734370664849267 0.34242199328514805 0.08266218635967479 0.7247880856667295 1.2866696264402468 1.5555978270190294 1.2423903503241516 0.14706995356810382 0.05305600875073437 0.018859202924489036 -0.06117699402547812 -1.9744137310288798 -1.0891725455305512 -0.6200296305514256 0.0 0.0 0.0 0.0 0.0 0.0 0.0
-5.040468929894776 -7.831328591158164 -6.502550923310553 -4.053213003123442 0.3795335762201647 2.3413478451879057 -1.757989922520406 -1.6865859382939672 -0.24518371360139968 0.716604071282277 0.8787250524811097 0.47427227999678434 0.7437743141459752 0.7055478664717524 0.22709500506506383 0.0051351527021133705 0.057741222118016834 -0.017104372872892088 -0.16892686825076297 -2.2957981979531312 -3.5342643487469907 0.0 0.0 0.0 0.0 0.0 0.0
-6.427366000226058 -6.804212528317907 -5.5483656412151445 -4.66163957691949 -0.3617188102216226 8.60680248814288 10.518802320955022 3.4908647838195392 1.066328361595686 2.457919012884064 2.0605129976910916 1.7688959349628155 0.9960057317130379 0.44483548010977403 0.6218664203230023 0.03206486675328269 -0.0011614090187421263 0.02424707803656523 -0.09285242663181657 0.07537423310185183 -0.6095073098381166 -2.002815223311768 0.0 0.0 0.0 0.0 0.0
0.0 0.0 0.0 0.0 0.0 0.0 0.0 0.0 0.0 0.0 0.0 0.0 0.0 0.0 0.0 0.0 0.0 0.0 0.0 0.0 0.0 0.0 0.0 0.0 0.0 0.0 0.0
0.0 0.0 0.0 0.0 0.0 0.0 0.0 0.0 0.0 0.0 0.0 0.0 0.0 0.0 0.0 0.0 0.0 0.0 0.0 0.0 0.0 0.0 0.0 0.0 0.0 0.0 0.0
0.0 0.0 0.0 0.0 0.0 0.0 0.0 0.0 0.0 0.0 0.0 0.0 0.0 0.0 0.0 0.0 0.0 0.0 0.0 0.0 0.0 0.0 0.0 0.0 0.0 0.0 0.0
-1.4017399464829559 -6.510524633479507 1.8623669716753786 -3.596863894385642 -1.0315614927541483 3.036534475100175 1.2001421005057018 0.8160964822206069 3.8455489749429286 -5.134518626147033 -3.141898499211684 1.3993108168684272 -1.4861092922632175 1.7351951758821076 4.074056630670108 0.9158980747758942 0.0 0.0 0.0 0.0 0.0 0.0 0.0 0.0 0.0 0.0 0.0
-5.5673535425189 -1.0381661149327712 -0.3622060682677823 -3.1666731986895384 2.5145233241363054 4.920864741268136 -0.7217103822375591 -3.283899890002068 -1.8360129079380358 4.09993731975576 1.9197478119056353 -1.1966845922066733 -0.8659260389897881 -1.6564482891911883 1.1429290074446246 2.1664004891152535 0.0 0.0 0.0 0.0 0.0 0.0 0.0 0.0 0.0 0.0 0.0
-4.47896461133366 -3.913612630547045 0.3596447228102909 5.25569501926387 1.5450464747032828 0.6876805906238789 -1.4543730663248826 -3.989437013364975 -2.254858706793049 0.5893251053719022 1.9097888733573996 -1.979974069805788 6.5543554279170895 0.6781001063300791 2.097806833961573 -0.006624543034164923 1.0782830276231858 0.0 0.0 0.0 0.0 0.0 0.0 0.0 0.0 0.0 0.0
-0.7591782622749039 -2.4474136771899757 0.21741258983362446 1.3789614912312649 1.2617257428335342 6.256296375324803 0.07030918744661685 2.013742961685272 4.110899030053243 2.575349818361854 0.039593870079133515 -0.8553053117948678 3.8970042314279802 2.849721216285515 2.2159206774166256 6.117024911641671 -1.0039215034682876 0.0 0.0 0.0 0.0 0.0 0.0 0.0 0.0 0.0 0.0
7.274318049269437 6.222579140581993 2.0794619173138327 -0.2536233952648281 3.4117264032880437 -1.6043291444050116 -0.25109416527599177 1.7936022720720555 3.044850555899817 2.5830976664969074 2.4645919695499656 0.14187826795880035 -5.828950055047401 0.31289176137914815 -0.7811178743305645 -2.334098522054104 -7.477424108574951 0.0 0.0 0.0 0.0 0.0 0.0 0.0 0.0 0.0 0.0
3.9967549907191495 0.8543753652928261 -1.998050910244127 5.125478337031143 -2.5345403765001757 1.4963681919871261 1.6611740406382152 1.628663502845765 1.0895043749527993 1.5563581782448335 0.9160576241259272 -0.4651089018195878 -3.872749864169453 -3.949464681865754 0.8556048668301511 -1.4390484081890167 1.0361502467474422 0.0 0.0 0.0 0.0 0.0 0.0 0.0 0.0 0.0 0.0
1.8813427951414685 -0.19152572166045517 -0.5965352183175489 -0.12549806421113077 0.03175805105947887 1.5774466910985587 2.481933471951099 2.034255375488845 1.0165205164099498 0.280942110216662 -0.19878579570291321 -0.864977675269968 -2.5533168227585694 -1.98720176926142 -0.40221165441344564 -2.3070716790971724 1.3463094786262768 1.8625207171299318 0.0 0.0 0.0 0.0 0.0 0.0 0.0 0.0 0.0
-3.1589391477445847 -3.6447158142494507 -3.52097324772163 -1.6767754432484039 -1.334691867517558 -3.2413693061915865 -2.314127071826543 -0.33851007493207347 1.1050254655095564 0.6612344014594493 -1.0722284646716294 -3.3877874008591187 -3.553091012970452 1.5131393561654274 5.0516191722267845 -0.7128284384131821 10.448600646674146 -1.4840060407765716 -0.18088375552113037 0.0 0.0 0.0 0.0 0.0 0.0 0.0 0.0
0.01590228900373481 -0.9487360587810868 -0.8405623114177998 -1.244346303097877 -4.510297088714087 -2.969775071432701 -1.2302893786824494 0.09973629847213372 0.8652604866051089 1.552449226647483 0.9698058740986502 -1.1265831644255213 -1.273601667443338 1.7864584349237538 3.1083540591678167 0.09158156595461305 -1.5215132514417498 2.1212023114134673 -3.9494784378597814 -6.537637100800718 0.0 0.0 0.0 0.0 0.0 0.0 0.0
-6.118661069846851 -1.345297817497941 0.39281937994274524 -4.468493077556348 -0.42111124994059496 1.8567301503053892 1.7565025447226883 1.3731555865050051 1.4978441780571734 1.909896898307183 1.687056283924719 0.8851649791368666 0.5933119039716855 2.125257087609906 3.1059040759642302 0.09841965968256468 0.014276781279480916 0.09465458641761385 -5.526765195839419 -5.393330468507312 -0.7785472960563721 0.0 0.0 0.0 0.0 0.0 0.0
0.775265487267468 -3.2733975242616946 -6.018619098713938 -1.4059370106050075 -2.901931947661883 -0.32500999377699175 2.2683255127780724 2.536873871108348 1.2741168440013857 0.03237919897654241 -1.0916922604933743 -1.6973540698819078 -0.2685523564046566 1.4093098703173474 1.7704076526428367 0.03478639347911754 0.045288008686889876 0.009216267806086725 -0.1384042417460645 -2.4712808236898947 -4.742010909665414 -8.265809817167774 0.0 0.0 0.0 0.0 0.0
-6.466087862716445 1.148160303998372 0.563947440677095 -0.579398597486673 0.3372256916778575 3.4190240523765696 3.1690141862926375 -0.00034533393509709624 -1.920491217443735 -2.475440286939985 -2.0962229152378935 -1.8774827251575406 -1.7478654179457733 -0.9444438237224038 0.03833176575497406 0.007793047427228053 0.017089025353697728 -0.01073698872161328 -0.028885662605012272 0.4447422134612936 3.0723019918333074 1.5672798532103238 -0.26461136742122215 0.0 0.0 0.0 0.0
0.0 0.0 0.0 0.0 0.0 0.0 0.0 0.0 0.0 0.0 0.0 0.0 0.0 0.0 0.0 0.0 0.0 0.0 0.0 0.0 0.0 0.0 0.0 0.0 0.0 0.0 0.0
0.0 0.0 0.0 0.0 0.0 0.0 0.0 0.0 0.0 0.0 0.0 0.0 0.0 0.0 0.0 0.0 0.0 0.0 0.0 0.0 0.0 0.0 0.0 0.0 0.0 0.0 0.0
0.0 0.0 0.0 0.0 0.0 0.0 0.0 0.0 0.0 0.0 0.0 0.0 0.0 0.0 0.0 0.0 0.0 0.0 0.0 0.0 0.0 0.0 0.0 0.0 0.0 0.0 0.0
0.0 2.028232757467298 2.9860611608346264 0.003957211199294049 -1.047125293126969 -1.9507650586507856 1.9907749112879867 -0.6512534281192236 -4.282299638703574 -1.7042316138484133 2.606672748365938 5.970026346814688 7.621944858681596 -0.8410401617276665 1.7268746361318952 1.7956597583005416 5.658184459941229 0.0 0.0 0.0 0.0 0.0 0.0 0.0 0.0 0.0 0.0
1.5304206281280224 -4.645874465293561 2.572331238367289 1.191665763848595 -4.163164942362079 -6.843764400685602 -4.014391606613076 -3.025629907820192 -1.1947885300105536 2.9098581960042837 -0.62408159076728 7.38152064757819 3.021084934555893 1.9835963787822197 -2.2103183946509657 0.1475195685284111 3.6127747256740825 0.0 0.0 0.0 0.0 0.0 0.0 0.0 0.0 0.0 0.0
-1.7590024246831644 -3.2804428142132984 -1.0727824647521997 1.2862599081784063 1.4751968883562045 5.822836767371604 -0.14843880717841185 -0.2589212050830033 1.635426747285906 0.9457787502033818 -0.46313351313721846 -2.853805998906827 -4.700125549407702 -1.567714870611545 -1.957341214018478 0.44506713200649234 1.557909917089158 -2.3730066781968 0.0 0.0 0.0 0.0 0.0 0.0 0.0 0.0 0.0
-1.1467636511523704 -1.7845826970083833 -2.8037269210014766 -1.3958925944815914 0.34082119786030357 6.750801886901911 8.554363031564904 4.4712771741317345 2.3939588439414607 5.209403092876652 5.902939297712224 0.6218244454210511 -0.4974512021906546 0.42859545417837525 -6.700721557367635 -6.136702567153185 -7.266998439279089 -4.43434396200314 0.0 0.0 0.0 0.0 0.0 0.0 0.0 0.0 0.0
-4.9649186901380125 0.3004179914871601 -0.39727648330764986 -4.218059329146221 -7.870842235272979 -2.027205463119472 2.139750924703761 3.9171623134868727 3.813808725649983 2.071222073894158 -0.491558554706427 -4.476833009459231 -5.714271024544728 0.3979166791077487 8.259458728392456 -1.241697576772816 -20.034318720560137 -14.519008773833864 0.0 0.0 0.0 0.0 0.0 0.0 0.0 0.0 0.0
2.991491880338663 3.4656905470004022 2.441800731869376 -0.5306529139767038 -0.3544171078907127 -2.4977661164606197 -1.1832091377714304 0.48469549492257247 1.5260849206034637 0.6588349762784237 -1.1860195192379355 -4.632174434987021 -5.000483960698858 -1.4627101625239909 0.46930214974150486 -0.4187375261117762 -5.20142085966191 -2.59794775313992 0.5729061345168253 0.0 0.0 0.0 0.0 0.0 0.0 0.0 0.0
0.26386377343823525 -1.2994269536533913 -1.7608546684344246 -1.3112866513428265 -2.0483628711490542 2.2059956237224387 1.826515681370825 1.1792110815311214 1.0143408160633403 0.47813445524174664 -0.8273011379098494 -3.1658188365277695 -3.4906142045094635 -0.5124488501746637 0.3704324346798852 -0.4022717448626315 -1.8488967797896876 -0.23293711724206065 0.21092682707677968 0.0 0.0 0.0 0.0 0.0 0.0 0.0 0.0
0.01590228900373481 -0.9487360587810868 -0.8405623114177998 -1.244346303097877 -4.510297088714087 -2.969775071432701 -1.2302893786824494 0.09973629847213372 0.8652604866051089 1.552449226647483 0.9698058740986502 -1.1265831644255213 -1.273601667443338 1.7864584349237538 3.1083540591678167 0.09158156595461305 -1.5215132514417498 2.1212023114134673 -3.9494784378597814 -6.537637100800718 0.0 0.0 0.0 0.0 0.0 0.0 0.0
0.5255053553015034 1.2431951575798341 1.713905780430747 0.26543735950551545 -1.7645371458467258 5.458191165799242 7.823430617989021 6.979728278224351 4.669694274469943 2.0746551111059706 0.5369354117765416 0.18301856101810543 0.8403332951396966 0.5396857550807957 0.9801929426588467 0.031083984474275662 0.13870957362827457 -0.031855283572835597 2.622531001792333 0.49089746772833387 7.890149136335884 0.0 0.0 0.0 0.0 0.0 0.0
7.419813617350846 3.2763724567327364 1.6083977482900584 4.061103309385556 5.102424558331629 3.3834111565465195 2.77233612397263 2.599138181574196 2.142848896066278 0.8853073096942817 0.15663885026541371 -0.3223420858111567 -0.0150804725176087 0.20864064095034834 0.15745911511854038 0.04336684889270919 0.024170199303673336 -0.021541494722441955 -0.12365401717917582 -1.487277884266614 -3.1131096971331265 -3.3400938089824166 0.0 0.0 0.0 0.0 0.0
-6.667032303010676 -4.393980709292423 1.537023622179805 3.732016998551137 -0.8326637367261228 -0.6796237744481869 -0.43527501444492367 -0.004455824865020184 0.3915674288816925 0.5164073450552235 0.15026410564096693 -0.18981141331027013 0.8160906910458435 1.8834066802203313 1.0721987509916775 0.058067426321360326 -0.0027899980376251536 0.04694037945069598 -0.01139974154734802 -0.3787408291867367 -0.5411750994879049 -0.47439292963241647 -1.4775701278749138 0.0 0.0 0.0 0.0
-2.7703879771278004 1.2478076193990695 5.282308301933706 6.983947680545723 -0.8709594657030633 -1.6798511233309292 -2.1638574735350273 -2.362056199778275 -2.234578714312602 -1.5394398771867333 -0.9463272135198687 -0.3250629500308025 -0.09097605201819915 -0.2673698024654568 -0.5332447050793314 -0.011197059088640075 0.0216492921502522 0.02136561603716339 0.039382304960699714 -0.03484862273260333 0.27039794012088847 1.563948802369588 4.690766601329967 -3.032313931923396 0.0 0.0 0.0
0.0 0.0 0.0 0.0 0.0 0.0 0.0 0.0 0.0 0.0 0.0 0.0 0.0 0.0 0.0 0.0 0.0 0.0 0.0 0.0 0.0 0.0 0.0 0.0 0.0 0.0 0.0
0.0 0.0 0.0 0.0 0.0 0.0 0.0 0.0 0.0 0.0 0.0 0.0 0.0 0.0 0.0 0.0 0.0 0.0 0.0 0.0 0.0 0.0 0.0 0.0 0.0 0.0 0.0
0.0 0.0 0.0 0.0 0.0 0.0 0.0 0.0 0.0 0.0 0.0 0.0 0.0 0.0 0.0 0.0 0.0 0.0 0.0 0.0 0.0 0.0 0.0 0.0 0.0 0.0 0.0
0.0 0.0 5.397657483317336 -1.906442241192422 -4.836816781621598 0.45852083101709956 -0.7802106185186494 -0.5521487622220873 2.889277617476077 -4.386985658919827 -5.641281247672247 -4.637653995676468 -7.767279395982054 -2.912416994532537 -3.781445821247811 -4.5908649285312775 -5.9385159438202075 -4.11477655816323 0.0 0.0 0.0 0.0 0.0 0.0 0.0 0.0 0.0
0.0 -0.2751493991054775 -2.250458971508714 -0.7834894354900951 -0.8795874402169327 -1.2970208215460297 -3.5865287313798864 2.1029757646744436 8.58398395632421 3.7226277738174485 -3.4053404508584753 -0.06020685166920683 -6.605652813246217 12.279880601659249 7.795545440892694 3.766129855716509 0.3096590333033567 -0.6136109562609883 0.0 0.0 0.0 0.0 0.0 0.0 0.0 0.0 0.0
-3.0392329025127514 -2.6652434451422353 -5.617789689767773 -4.14053461589603 -1.2941253165954274 -0.19613610512495322 1.2746007176059082 -3.090576011159805 0.9407041061724031 2.517846119443217 -0.07361992612576188 0.5918103276339577 0.08693506356012153 -4.298493531745489 1.3158038360862625 -0.3518209147625745 -2.3992959056495007 -2.0513951513852025 -6.0165364359412505 0.0 0.0 0.0 0.0 0.0 0.0 0.0 0.0
1.3553542878060003 4.0373346215149075 -5.066800664937696 -4.838845080573264 -4.1290842369387635 -5.419388845325244 -4.962667575527327 -3.495340237073588 -4.048123258518584 -1.9227614803752489 -3.210065673514197 -3.497786834811682 1.3271417465402606 4.5516982368882015 2.504143316185282 -0.8610134589294519 2.7601425395313877 0.7348592108639624 1.7459083352606783 0.0 0.0 0.0 0.0 0.0 0.0 0.0 0.0
-5.858358144972694 -1.4138261489927209 -1.4426670016153942 -3.522767295471932 -5.697473827002148 -2.3755217571572382 -1.1143361988620042 1.7000788577137367 4.0451586052223 3.383329480712407 3.732119432913645 2.6244689687270975 0.7833267343276142 1.9033464223229108 3.110291792896729 0.0369955440416447 -0.4062763160954462 1.4491739693413086 5.162051163588799 0.0 0.0 0.0 0.0 0.0 0.0 0.0 0.0
2.0535071918533343 2.427016681145941 2.2943593943726426 0.40533653993685886 2.885698619636034 2.101972273407804 -0.8014288832114295 -1.880297262229048 -1.3758807441638299 1.2127306926567398 2.398618684955311 2.463582299630672 0.8968808925059484 -0.71175511352764 -0.8436257357236574 -0.039555252802548596 0.08384987372297147 0.6724042465986504 0.7801384331671455 4.947349207859004 0.0 0.0 0.0 0.0 0.0 0.0 0.0
0.6979689924222562 4.621729283559254 4.967107598759465 0.3250484873976375 5.461762817646552 2.0026497443218325 1.1734370664849267 0.34242199328514805 0.08266218635967479 0.7247880856667295 1.2866696264402468 1.5555978270190294 1.2423903503241516 0.14706995356810382 0.05305600875073437 0.018859202924489036 -0.06117699402547812 -1.9744137310288798 -1.0891725455305512 -0.6200296305514256 0.0 0.0 0.0 0.0 0.0 0.0 0.0
-6.118661069846851 -1.345297817497941 0.39281937994274524 -4.468493077556348 -0.42111124994059496 1.8567301503053892 1.7565025447226883 1.3731555865050051 1.4978441780571734 1.909896898307183 1.687056283924719 0.8851649791368666 0.5933119039716855 2.125257087609906 3.1059040759642302 0.09841965968256468 0.014276781279480916 0.09465458641761385 -5.526765195839419 -5.393330468507312 -0.7785472960563721 0.0 0.0 0.0 0.0 0.0 0.0
7.419813617350846 3.2763724567327364 1.6083977482900584 4.061103309385556 5.102424558331629 3.3834111565465195 2.77233612397263 2.599138181574196 2.142848896066278 0.8853073096942817 0.15663885026541371 -0.3223420858111567 -0.0150804725176087 0.20864064095034834 0.15745911511854038 0.04336684889270919 0.024170199303673336 -0.021541494722441955 -0.12365401717917582 -1.487277884266614 -3.1131096971331265 -3.3400938089824166 0.0 0.0 0.0 0.0 0.0
0.47587977722207614 3.299020691987404 0.772041148747629 0.30541802212137925 -0.8070318960694309 -1.516009118360946 -2.18499920906075 -2.6356556718709756 -2.527035800168502 -1.2937085725871913 -0.35041574682925647 0.16351475695796172 -0.11380120964425426 -0.7407720731835604 -0.6043658746450705 -0.009861140724547043 -0.0024646102746982766 0.04710419564863578 -0.028123776086514035 0.005435363466713303 2.642460176143684 -0.7114827249461942 -4.24912898054543 0.0 0.0 0.0 0.0
-3.3571915909759413 -2.9485759376602543 -1.1618645128836091 -3.0252010480590363 -2.1496175022578816 -1.6285644029915796 -1.287089212985021 -1.0366872249965662 -0.8857116896040419 -1.1701038098146928 -1.134623147824157 -0.4439994237264722 0.5434880305269639 1.3317462691512982 1.0528191318697155 0.03818341866184012 0.02033096185737355 -0.003809854395227291 0.013923363585459416 -0.04472762682360716 -0.13923230463235473 0.7362778212012782 -0.8091768777061845 -1.5413079215276901 0.0 0.0 0.0
1.3832219219271809 0.49200318750861244 -2.966232342596692 1.7839125983260804 0.44948842066401956 -1.0106363206241984 -1.1904164559506503 -1.1482207244220026 -1.170028216686629 -1.282992956836557 -0.7626312391420064 0.09934268008252335 0.24884513468926256 -0.37064456232055093 -0.6485977213008083 0.002227217101785136 0.01404749473419696 0.0010292583365037026 -0.004014992578667291 0.028553810071332127 -0.033480489396542384 0.1337251820081426 1.4255236326782186 2.4661238166218764 0.0 0.0 0.0
0.0 0.0 0.0 0.0 0.0 0.0 0.0 0.0 0.0 0.0 0.0 0.0 0.0 0.0 0.0 0.0 0.0 0.0 0.0 0.0 0.0 0.0 0.0 0.0 0.0 0.0 0.0
0.0 0.0 0.0 0.0 0.0 0.0 0.0 0.0 0.0 0.0 0.0 0.0 0.0 0.0 0.0 0.0 0.0 0.0 0.0 0.0 0.0 0.0 0.0 0.0 0.0 0.0 0.0
0.0 0.0 0.0 0.0 0.0 0.0 0.0 0.0 0.0 0.0 0.0 0.0 0.0 0.0 0.0 0.0 0.0 0.0 0.0 0.0 0.0 0.0 0.0 0.0 0.0 0.0 0.0
0.0 0.0 0.0 0.0 3.588378323254535 0.2227819086849507 3.08929223942492 3.725095233093642 -0.6512631853121711 -5.097703435944286 -5.180495359339218 -4.563182308763836 -2.952818136433072 -4.241580966916335 -3.6005406351570888 -4.342635404894121 -5.74846716384374 -2.9752575695042776 3.6432649029086814 0.0 0.0 0.0 0.0 0.0 0.0 0.0 0.0
0.0 0.0 1.9544266468970204 -1.3820032591313525 0.3803989872997056 -4.669262390860102 -1.6715339409657668 -3.096181794395594 -0.8082935428934426 -3.4035189369743066 -2.531147676586152 1.7113993465593706 -2.8994228922240732 0.30673399481640534 5.340584249450048 -1.9700102257643066 -4.26115971328006 -6.7681539943803 -6.40884877032807 0.0 0.0 0.0 0.0 0.0 0.0 0.0 0.0
0.0 -2.6051795092175882 0.47169097559996337 -0.14449000837599624 -0.09180984664228777 0.41244291783537546 3.0546539325670405 4.468435396377582 0.4306331371449849 -2.465425650303051 -2.4210108255726053 -2.7546209330178666 6.072571234540367 0.024859939297604803 2.090286660285654 0.04718751564422746 -3.723382654578724 -4.174124489589018 0.03968025939577282 -3.5718956144776497 0.0 0.0 0.0 0.0 0.0 0.0 0.0
0.7060418909983623 -4.37430786522722 -4.829820818373383 8.19246923059471 14.620718122629722 12.531782257892292 2.619589799053944 -5.046328511985608 -5.071202441742488 -0.08019318309539371 0.5943764854474511 -0.6288619007343962 -2.316479660416162 -0.8960862782140131 2.2966343283317436 0.01596258353730281 -0.16521353890501878 2.773027666799716 -1.2346087967793646 -2.151184695744087 0.0 0.0 0.0 0.0 0.0 0.0 0.0
4.211485533888439 4.441248892578709 4.845015029123592 7.230678787289729 8.998086978502487 -8.105155115971142 1.3713742944671217 2.3385789262824277 1.427341909039681 1.6403512541973797 1.177591698326431 0.8534764440056218 -0.17998760014484994 -0.6821612940324717 -0.9365466672135491 0.018174905406151267 0.07708814913317738 -0.11866500196634201 -7.469622140162671 -8.007600499088122 0.0 0.0 0.0 0.0 0.0 0.0 0.0
6.083046683370892 2.153392375513984 4.736069478618796 3.9121414045229046 0.901161650177206 -2.4268372418261377 -0.423674114946853 0.7346183587190025 1.647578319756455 1.9314513085054135 2.1526997809263975 2.2064610461466274 1.6022263253583577 -0.10943807851222885 -0.88083980924841 -0.021652541347039252 0.00823891044370079 0.03277944106147428 -1.4901871834041034 -1.3488217236897209 2.204787422779747 0.0 0.0 0.0 0.0 0.0 0.0
-5.040468929894776 -7.831328591158164 -6.502550923310553 -4.053213003123442 0.3795335762201647 2.3413478451879057 -1.757989922520406 -1.6865859382939672 -0.24518371360139968 0.716604071282277 0.8787250524811097 0.47427227999678434 0.7437743141459752 0.7055478664717524 0.22709500506506383 0.0051351527021133705 0.057741222118016834 -0.017104372872892088 -0.16892686825076297 -2.2957981979531312 -3.5342643487469907 0.0 0.0 0.0 0.0 0.0 0.0
0.775265487267468 -3.2733975242616946 -6.018619098713938 -1.4059370106050075 -2.901931947661883 -0.32500999377699175 2.2683255127780724 2.536873871108348 1.2741168440013857 0.03237919897654241 -1.0916922604933743 -1.6973540698819078 -0.2685523564046566 1.4093098703173474 1.7704076526428367 0.03478639347911754 0.045288008686889876 0.009216267806086725 -0.1384042417460645 -2.4712808236898947 -4.742010909665414 -8.265809817167774 0.0 0.0 0.0 0.0 0.0
-6.667032303010676 -4.393980709292423 1.537023622179805 3.732016998551137 -0.8326637367261228 -0.6796237744481869 -0.43527501444492367 -0.004455824865020184 0.3915674288816925 0.5164073450552235 0.15026410564096693 -0.18981141331027013 0.8160906910458435 1.8834066802203313 1.0721987509916775 0.058067426321360326 -0.0027899980376251536 0.04694037945069598 -0.01139974154734802 -0.3787408291867367 -0.5411750994879049 -0.47439292963241647 -1.4775701278749138 0.0 0.0 0.0 0.0
-3.3571915909759413 -2.9485759376602543 -1.1618645128836091 -3.0252010480590363 -2.1496175022578816 -1.6285644029915796 -1.287089212985021 -1.0366872249965662 -0.8857116896040419 -1.1701038098146928 -1.134623147824157 -0.4439994237264722 0.5434880305269639 1.3317462691512982 1.0528191318697155 0.03818341866184012 0.02033096185737355 -0.003809854395227291 0.013923363585459416 -0.04472762682360716 -0.13923230463235473 0.7362778212012782 -0.8091768777061845 -1.5413079215276901 0.0 0.0 0.0
5.209373082925926 1.907263482392374 -1.0724662365423314 0.5952761706244608 2.1499110822940164 1.537317201350468 0.49936803583417705 -0.556840566399686 -1.588500088356197 -2.383733232483497 -3.090083060180894 -3.6366229599626467 -2.1988811348687882 0.172223560233873 1.0276919379145273 0.03916040706603508 -0.0034864948893252204 0.013181100972318668 -0.003952468736065997 -0.00272838556208031 -0.00039422208618853955 -0.06960369758866129 -1.2250278804482246 -1.4379629540210845 0.0 0.0 0.0
0.005369279142049273 0.12513895234356237 -1.8441337502882418 0.9441002036494541 -0.3299506520468639 -0.10521509882541771 -0.20489609752846008 -0.45545390225586785 -0.6663877371128872 -0.7095492341398131 -0.8636153667773508 -0.8791351338602889 -0.7386469311067196 -0.5231187673398777 -0.3475703107307525 -0.00027212362199169755 0.014474690472897298 0.008089263586283727 0.0111989240622567 -0.0045288157765350275 0.016816846070174554 -0.013462738689653104 0.11205673373916315 0.20724541023493473 0.0 0.0 0.0
0.0 0.0 0.0 0.0 0.0 0.0 0.0 0.0 0.0 0.0 0.0 0.0 0.0 0.0 0.0 0.0 0.0 0.0 0.0 0.0 0.0 0.0 0.0 0.0 0.0 0.0 0.0
0.0 0.0 0.0 0.0 0.0 0.0 0.0 0.0 0.0 0.0 0.0 0.0 0.0 0.0 0.0 0.0 0.0 0.0 0.0 0.0 0.0 0.0 0.0 0.0 0.0 0.0 0.0
0.0 0.0 0.0 0.0 0.0 0.0 0.0 0.0 0.0 0.0 0.0 0.0 0.0 0.0 0.0 0.0 0.0 0.0 0.0 0.0 0.0 0.0 0.0 0.0 0.0 0.0 0.0
0.0 0.0 0.0 0.0 0.0 0.0 0.0 0.0 1.5055230327086144 -3.459560356667145 4.818994000412976 3.363295215286411 6.363825330419541 5.226225296143989 -2.125167366667542 -0.7416260521010832 1.6916422354529628 5.216248523298487 1.7561817072214578 0.2668535521787998 0.0 0.0 0.0 0.0 0.0 0.0 0.0
0.0 0.0 0.0 0.0 0.0 0.0 -5.153064345464545 -9.346473282870223 -9.156616018323872 3.106578270612275 2.5597260268558144 -9.138196585982072 -11.324351370907495 -0.040680982537877226 3.8552769684028787 -0.4963112734873768 4.458728317261252 4.499372230731141 3.886872512942415 -2.002865767261792 0.0 0.0 0.0 0.0 0.0 0.0 0.0
0.0 0.0 0.0 0.0 0.0 -1.3712529975259977 -0.19356943192290121 -2.7324658656602585 0.6570864001295273 1.4382878922185376 -1.3514226505511695 0.6470176014768287 -4.018413312522206 -2.4103112233706496 1.3117142081242892 0.7993303771446272 -0.667496221022101 -0.7540297355170177 -2.2499484537588352 -1.7657552146165199 -2.635294864006284 0.0 0.0 0.0 0.0 0.0 0.0
0.0 0.0 0.0 0.037918921111766805 -0.9004271014727209 -4.17781449583199 -1.0566910273684518 3.936821661299235 3.6197015164666158 5.654121170716202 5.682299431395125 3.5782675394238344 -3.407984244801288 -1.3211817242596142 2.0328495067890415 0.05776747843904727 0.08054179376149977 -0.13018822923241827 -0.6775637582956068 8.706309531892428 -4.084237775084648 0.0 0.0 0.0 0.0 0.0 0.0
0.0 0.0 -7.476681524594562 -4.15494552674415 -1.6544899355406946 -1.4036115391251176 -0.826243915303041 -0.6647975383644552 -4.029093635856873 -10.64144592062111 -6.451105104271633 -5.419823378231991 -1.4064279884718374 1.1937978188673286 1.693387249601092 0.04572117452961042 -0.011331712568607778 0.03530875386904007 -0.3826483610010877 1.7025362963786412 -0.035086416272241516 0.0 0.0 0.0 0.0 0.0 0.0
0.0 1.1564349160606373 -1.5155923774644717 -2.5024461366480906 -1.4479210543212366 1.0891184148804245 6.383840880978174 5.212706484921732 -1.3453562707734792 -2.9278955785825422 -0.9174466522221328 2.0299645573499103 1.928515692530256 1.2764060241056336 1.1599520213267394 0.04080354191039752 0.013116726838012792 0.005199410740925874 -0.09242287441049647 -0.9155700393947773 -1.2548058786810081 2.858646682973507 0.0 0.0 0.0 0.0 0.0
-6.427366000226058 -6.804212528317907 -5.5483656412151445 -4.66163957691949 -0.3617188102216226 8.60680248814288 10.518802320955022 3.4908647838195392 1.066328361595686 2.457919012884064 2.0605129976910916 1.7688959349628155 0.9960057317130379 0.44483548010977403 0.6218664203230023 0.03206486675328269 -0.0011614090187421263 0.02424707803656523 -0.09285242663181657 0.07537423310185183 -0.6095073098381166 -2.002815223311768 0.0 0.0 0.0 0.0 0.0
-6.466087862716445 1.148160303998372 0.563947440677095 -0.579398597486673 0.3372256916778575 3.4190240523765696 3.1690141862926375 -0.00034533393509709624 -1.920491217443735 -2.475440286939985 -2.0962229152378935 -1.8774827251575406 -1.7478654179457733 -0.9444438237224038 0.03833176575497406 0.007793047427228053 0.017089025353697728 -0.01073698872161328 -0.028885662605012272 0.4447422134612936 3.0723019918333074 1.5672798532103238 -0.26461136742122215 0.0 0.0 0.0 0.0
-2.7703879771278004 1.2478076193990695 5.282308301933706 6.983947680545723 -0.8709594657030633 -1.6798511233309292 -2.1638574735350273 -2.362056199778275 -2.234578714312602 -1.5394398771867333 -0.9463272135198687 -0.3250629500308025 -0.09097605201819915 -0.2673698024654568 -0.5332447050793314 -0.011197059088640075 0.0216492921502522 0.02136561603716339 0.039382304960699714 -0.03484862273260333 0.27039794012088847 1.563948802369588 4.690766601329967 -3.032313931923396 0.0 0.0 0.0
1.3832219219271809 0.49200318750861244 -2.966232342596692 1.7839125983260804 0.44948842066401956 -1.0106363206241984 -1.1904164559506503 -1.1482207244220026 -1.170028216686629 -1.282992956836557 -0.7626312391420064 0.09934268008252335 0.24884513468926256 -0.37064456232055093 -0.6485977213008083 0.002227217101785136 0.01404749473419696 0.0010292583365037026 -0.004014992578667291 0.028553810071332127 -0.033480489396542384 0.1337251820081426 1.4255236326782186 2.4661238166218764 0.0 0.0 0.0
0.005369279142049273 0.12513895234356237 -1.8441337502882418 0.9441002036494541 -0.3299506520468639 -0.10521509882541771 -0.20489609752846008 -0.45545390225586785 -0.6663877371128872 -0.7095492341398131 -0.8636153667773508 -0.8791351338602889 -0.7386469311067196 -0.5231187673398777 -0.3475703107307525 -0.00027212362199169755 0.014474690472897298 0.008089263586283727 0.0111989240622567 -0.0045288157765350275 0.016816846070174554 -0.013462738689653104 0.11205673373916315 0.20724541023493473 0.0 0.0 0.0
-1.4585807144256253 -2.7948689536932365 -4.371475391923549 -3.7886837440078796 -4.161231438945353 -3.5818347071594983 -2.8019439040156575 -1.9263970192379252 -1.0650002922544368 -0.2571338497156769 0.5094226696016164 1.2353103800375511 1.296706651882523 0.6482583215724133 0.0029887606236316095 0.0027055288527492428 0.003807865906996988 -0.0024643857078602395 0.008795804495112991 0.01117033128489221 0.0015291047163079018 0.014540140547927276 -0.0010622837725048442 0.12929559760399215 0.0 0.0 0.0
0.0 0.0 0.0 0.0 0.0 0.0 0.0 0.0 0.0 0.0 0.0 0.0 0.0 0.0 0.0 0.0 0.0 0.0 0.0 0.0 0.0 0.0 0.0 0.0 0.0 0.0 0.0
0.0 0.0 0.0 0.0 0.0 0.0 0.0 0.0 0.0 0.0 0.0 0.0 0.0 0.0 0.0 0.0 0.0 0.0 0.0 0.0 0.0 0.0 0.0 0.0 0.0 0.0 0.0
0.0 0.0 0.0 0.0 0.0 0.0 0.0 0.0 0.0 0.0 0.0 0.0 0.0 0.0 0.0 0.0 0.0 0.0 0.0 0.0 0.0 0.0 0.0 0.0 0.0 0.0 0.0
0.0 0.0 0.0 0.0 0.0 0.0 0.0 0.0 0.0 0.0 0.0 0.0 0.0 0.0 0.0 0.0 0.0 0.0 0.0 0.0 0.0 0.0 0.0 0.0 0.0 0.0 0.0
0.0 0.0 0.0 0.0 0.0 0.0 0.0 0.0 0.0 0.0 0.0 0.0 0.0 0.0 0.0 0.0 0.0 0.0 0.0 0.0 0.0 0.0 0.0 0.0 0.0 0.0 0.0
0.0 0.0 0.0 0.0 0.0 0.0 0.0 0.0 0.0 0.0 0.0 0.0 0.0 0.0 0.0 0.0 0.0 0.0 0.0 0.0 0.0 0.0 0.0 0.0 0.0 0.0 0.0
0.0 0.0 0.0 0.0 0.0 0.0 0.0 0.0 0.0 0.0 0.0 0.0 0.0 0.0 0.0 0.0 0.0 0.0 0.0 0.0 0.0 0.0 0.0 0.0 0.0 0.0 0.0
0.0 0.0 0.0 0.0 0.0 0.0 0.0 0.0 0.0 0.0 0.0 0.0 0.0 0.0 0.0 0.0 0.0 0.0 0.0 0.0 0.0 0.0 0.0 0.0 0.0 0.0 0.0
0.0 0.0 0.0 0.0 0.0 0.0 0.0 0.0 0.0 0.0 0.0 0.0 0.0 0.0 0.0 0.0 0.0 0.0 0.0 0.0 0.0 0.0 0.0 0.0 0.0 0.0 0.0
0.0 0.0 0.0 0.0 0.0 0.0 0.0 0.0 0.0 0.0 0.0 0.0 0.0 0.0 0.0 0.0 0.0 0.0 0.0 0.0 0.0 0.0 0.0 0.0 0.0 0.0 0.0
0.0 0.0 0.0 0.0 0.0 0.0 0.0 0.0 0.0 0.0 0.0 0.0 0.0 0.0 0.0 0.0 0.0 0.0 0.0 0.0 0.0 0.0 0.0 0.0 0.0 0.0 0.0
0.0 0.0 0.0 0.0 0.0 0.0 0.0 0.0 0.0 0.0 0.0 0.0 0.0 0.0 0.0 0.0 0.0 0.0 0.0 0.0 0.0 0.0 0.0 0.0 0.0 0.0 0.0
0.0 0.0 0.0 0.0 0.0 0.0 0.0 0.0 0.0 0.0 0.0 0.0 0.0 0.0 0.0 0.0 0.0 0.0 0.0 0.0 0.0 0.0 0.0 0.0 0.0 0.0 0.0
0.0 0.0 0.0 0.0 0.0 0.0 0.0 0.0 0.0 0.0 0.0 0.0 0.0 0.0 0.0 0.0 0.0 0.0 0.0 0.0 0.0 0.0 0.0 0.0 0.0 0.0 0.0
0.0 0.0 0.0 0.0 0.0 0.0 0.0 0.0 0.0 0.0 0.0 0.0 0.0 0.0 0.0 0.0 0.0 0.0 0.0 0.0 0.0 0.0 0.0 0.0 0.0 0.0 0.0
0.0 0.0 0.0 0.0 0.0 0.0 0.0 0.0 0.0 0.0 0.0 0.0 0.0 0.0 0.0 0.0 0.0 0.0 0.0 0.0 0.0 0.0 0.0 0.0 0.0 0.0 0.0
0.0 0.0 0.0 0.0 0.0 0.0 0.0 0.0 0.0 0.0 0.0 0.0 0.0 0.0 0.0 0.0 0.0 0.0 0.0 0.0 0.0 0.0 0.0 0.0 0.0 0.0 0.0
0.0 0.0 0.0 0.0 0.0 0.0 0.0 0.0 0.0 0.0 0.0 0.0 0.0 0.0 0.0 0.0 0.0 0.0 0.0 0.0 0.0 0.0 0.0 0.0 0.0 0.0 0.0
0.0 0.0 0.0 0.0 0.0 0.0 0.0 0.0 0.0 0.0 0.0 0.0 0.0 0.0 0.0 0.0 0.0 0.0 0.0 0.0 0.0 0.0 0.0 0.0 0.0 0.0 0.0
0.0 0.0 0.0 0.0 0.0 0.0 0.0 0.0 0.0 0.0 0.0 0.0 0.0 0.0 0.0 0.0 0.0 0.0 0.0 0.0 0.0 0.0 0.0 0.0 0.0 0.0 0.0
0.0 0.0 0.0 0.0 0.0 0.0 0.0 0.0 0.0 0.0 0.0 0.0 0.0 0.0 0.0 0.0 0.0 0.0 0.0 0.0 0.0 0.0 0.0 0.0 0.0 0.0 0.0
0.0 0.0 0.0 0.0 0.0 0.0 0.0 0.0 0.0 0.0 0.0 0.0 0.0 0.0 0.0 0.0 0.0 0.0 0.0 0.0 0.0 0.0 0.0 0.0 0.0 0.0 0.0
0.0 0.0 0.0 0.0 0.0 0.0 0.0 0.0 0.0 0.0 0.0 0.0 0.0 0.0 0.0 0.0 0.0 0.0 0.0 0.0 0.0 0.0 0.0 0.0 0.0 0.0 0.0
0.0 0.0 0.0 0.0 0.0 0.0 0.0 0.0 0.0 0.0 0.0 0.0 0.0 0.0 0.0 0.0 0.0 0.0 0.0 0.0 0.0 0.0 0.0 0.0 0.0 0.0 0.0
0.0 0.0 0.0 0.0 0.0 0.0 0.0 0.0 0.0 0.0 0.0 0.0 0.0 0.0 0.0 0.0 0.0 0.0 0.0 0.0 0.0 0.0 0.0 0.0 0.0 0.0 0.0
0.0 0.0 0.0 0.0 0.0 0.0 0.0 0.0 0.0 0.0 0.0 0.0 0.0 0.0 0.0 0.0 0.0 0.0 0.0 0.0 0.0 0.0 0.0 0.0 0.0 0.0 0.0
0.0 0.0 0.0 0.0 0.0 0.0 0.0 0.0 0.0 0.0 0.0 0.0 0.0 0.0 0.0 0.0 0.0 0.0 0.0 0.0 0.0 0.0 0.0 0.0 0.0 0.0 0.0
0.0 0.0 0.0 0.0 0.0 0.0 0.0 0.0 0.0 0.0 0.0 0.0 0.0 0.0 0.0 0.0 0.0 0.0 0.0 0.0 0.0 0.0 0.0 0.0 0.0 0.0 0.0
0.0 0.0 0.0 0.0 0.0 0.0 0.0 0.0 0.0 0.0 0.0 0.0 0.0 0.0 0.0 0.0 0.0 0.0 0.0 0.0 0.0 0.0 0.0 0.0 0.0 0.0 0.0
0.0 0.0 0.0 0.0 0.0 0.0 0.0 0.0 0.0 0.0 0.0 0.0 0.0 0.0 0.0 0.0 0.0 0.0 0.0 0.0 0.0 0.0 0.0 0.0 0.0 0.0 0.0
0.0 0.0 0.0 0.0 0.0 0.0 0.0 0.0 0.0 0.0 0.0 0.0 0.0 0.0 0.0 0.0 0.0 0.0 0.0 0.0 0.0 0.0 0.0 0.0 0.0 0.0 0.0
0.0 0.0 0.0 0.0 0.0 0.0 0.0 0.0 0.0 0.0 0.0 0.0 0.0 0.0 0.0 0.0 0.0 0.0 0.0 0.0 0.0 0.0 0.0 0.0 0.0 0.0 0.0
0.0 0.0 0.0 0.0 0.0 0.0 0.0 0.0 0.0 0.0 0.0 0.0 0.0 0.0 0.0 0.0 0.0 0.0 0.0 0.0 0.0 0.0 0.0 0.0 0.0 0.0 0.0
0.0 0.0 0.0 0.0 0.0 0.0 0.0 0.0 0.0 0.0 0.0 0.0 0.0 0.0 0.0 0.0 0.0 0.0 0.0 0.0 0.0 0.0 0.0 0.0 0.0 0.0 0.0
0.0 0.0 0.0 0.0 0.0 0.0 0.0 0.0 0.0 0.0 0.0 0.0 0.0 0.0 0.0 0.0 0.0 0.0 0.0 0.0 0.0 0.0 0.0 0.0 0.0 0.0 0.0
0.0 0.0 0.0 0.0 0.0 0.0 0.0 0.0 0.0 0.0 0.0 0.0 0.0 0.0 0.0 0.0 0.0 0.0 0.0 0.0 0.0 0.0 0.0 0.0 0.0 0.0 0.0
0.0 0.0 0.0 0.0 0.0 0.0 0.0 0.0 0.0 0.0 0.0 0.0 0.0 0.0 0.0 0.0 0.0 0.0 0.0 0.0 0.0 0.0 0.0 0.0 0.0 0.0 0.0
0.0 0.0 0.0 0.0 0.0 0.0 0.0 0.0 0.0 0.0 0.0 0.0 0.0 0.0 0.0 0.0 0.0 0.0 0.0 0.0 0.0 0.0 0.0 0.0 0.0 0.0 0.0
0.0 0.0 0.0 0.0 0.0 0.0 0.0 0.0 0.0 0.0 0.0 0.0 0.0 0.0 0.0 0.0 0.0 0.0 0.0 0.0 0.0 0.0 0.0 0.0 0.0 0.0 0.0
0.0 0.0 0.0 0.0 0.0 0.0 0.0 0.0 0.0 0.0 0.0 0.0 0.0 0.0 0.0 0.0 0.0 0.0 0.0 0.0 0.0 0.0 0.0 0.0 0.0 0.0 0.0
0.0 0.0 0.0 0.0 0.0 0.0 0.0 0.0 0.0 0.0 0.0 0.0 0.0 0.0 0.0 0.0 0.0 0.0 0.0 0.0 0.0 0.0 0.0 0.0 0.0 0.0 0.0
0.0 0.0 0.0 0.0 0.0 0.0 0.0 0.0 0.0 0.0 0.0 0.0 0.0 0.0 0.0 0.0 0.0 0.0 0.0 0.0 0.0 0.0 0.0 0.0 0.0 0.0 0.0
0.0 0.0 0.0 0.0 0.0 0.0 0.0 0.0 0.0 0.0 0.0 0.0 0.0 0.0 0.0 0.0 0.0 0.0 0.0 0.0 0.0 0.0 0.0 0.0 0.0 0.0 0.0
0.0 0.0 0.0 0.0 0.0 0.0 0.0 0.0 0.0 0.0 0.0 0.0 0.0 0.0 0.0 0.0 0.0 0.0 0.0 0.0 0.0 0.0 0.0 0.0 0.0 0.0 0.0
0.0 0.0 0.0 0.0 0.0 0.0 0.0 0.0 0.0 0.0 0.0 0.0 0.0 0.0 0.0 0.0 0.0 0.0 0.0 0.0 0.0 0.0 0.0 0.0 0.0 0.0 0.0
0.0 0.0 0.0 0.0 0.0 0.0 0.0 0.0 0.0 0.0 0.0 0.0 0.0 0.0 0.0 0.0 0.0 0.0 0.0 0.0 0.0 0.0 0.0 0.0 0.0 0.0 0.0
0.0 0.0 0.0 0.0 0.0 0.0 0.0 0.0 0.0 0.0 0.0 0.0 0.0 0.0 0.0 0.0 0.0 0.0 0.0 0.0 0.0 0.0 0.0 0.0 0.0 0.0 0.0
0.0 0.0 0.0 0.0 0.0 0.0 0.0 0.0 0.0 0.0 0.0 0.0 0.0 0.0 0.0 0.0 0.0 0.0 0.0 0.0 0.0 0.0 0.0 0.0 0.0 0.0 0.0
#