#UF3 POT
3B 0 3 nk
10.0 5.0 5.0 31 19 19
0.5 0.5 0.5 0.5 0.66000000000000014 0.90874163453487755 1.0784320467941366 1.2192602952663363 1.3476211171434782 1.4723788828565216 1.6007397047336633 1.7415679532058632 1.9112583654651223 2.1599999999999997 2.7200000000000006 3.2800000000000011 3.8400000000000007 4.4000000000000004 4.9600000000000009 5.5200000000000005 6.0800000000000001 6.6400000000000006 7.2000000000000002 7.7599999999999998 8.3200000000000003 8.8800000000000008 9.4399999999999995 10 10 10 10
0.5 0.5 0.5 0.5 0.87749999999999995 1.2549999999999999 1.5779947882355112 1.7859416975004274 1.9740583024995724 2.1820052117644884 2.5049999999999999 3.004 3.5030000000000001 4.0019999999999998 4.5010000000000003 5 5 5 5
0.5 0.5 0.5 0.5 0.87749999999999995 1.2549999999999999 1.5779947882355112 1.7859416975004274 1.9740583024995724 2.1820052117644884 2.5049999999999999 3.004 3.5030000000000001 4.0019999999999998 4.5010000000000003 5 5 5 5
15 15 27
-0.7767618757318714 0.041229932830144006 -1.1130337229923584 -3.0653614329590053 -2.5854797510169285 -2.3378711415291087 2.2481083324275164 3.166095531313393 0.5946042713138775 0.9916553955864894 -1.039852191979502 -0.22815298211551258 0.0 0.0 0.0 0.0 0.0 0.0 0.0 0.0 0.0 0.0 0.0 0.0 0.0 0.0 0.0
4.336285160043212 2.076176160876514 2.744065945568397 3.1918270476759747 1.3726014701087579 -2.2351930870655066 -1.82297664693047 -2.427636915100876 -2.483370273636101 -2.7837290528809038 -2.968759516436883 1.4618685781505594 -2.638579022844067 0.0 0.0 0.0 0.0 0.0 0.0 0.0 0.0 0.0 0.0 0.0 0.0 0.0 0.0
-3.3497110288270844 -0.5391563917921395 1.9315020741418363 0.3465505930432347 0.2765740785155979 -0.7882250494593608 0.5351146996550832 0.5454843491418103 2.2867274435921385 1.7178730814013627 -1.2451965374688556 1.253018603654422 -1.4585331812314972 -2.343604251583163 0.0 0.0 0.0 0.0 0.0 0.0 0.0 0.0 0.0 0.0 0.0 0.0 0.0
1.4966353760429987 -2.7709667018556323 -1.6478602620707246 1.98042197229439 2.0459725243740032 -0.2052103681758584 -0.03413739082008891 -2.61543986801817 -2.1817540685435404 0.12694167218506394 0.9921818301270583 5.240076583367774 0.4442089743552175 0.044695462056265865 0.0 0.0 0.0 0.0 0.0 0.0 0.0 0.0 0.0 0.0 0.0 0.0 0.0
4.108495830747698 -0.5556580118181785 -2.091537472868013 0.30778214624995254 -0.22190299186582377 2.250361698180583 -0.1295153729029242 -1.8002432171282898 -0.9562195005198486 -2.227343185844084 2.193648246675344 0.19791751505692598 -0.7928130901121023 2.236159872989746 0.3230581388685548 0.0 0.0 0.0 0.0 0.0 0.0 0.0 0.0 0.0 0.0 0.0 0.0
-0.5561143468735605 1.1741673889161557 -0.93728156113337 1.064064521087924 3.968452119940132 1.459811703060143 1.3714403878812524 2.249856484682024 -0.822967574419763 -0.8349226054017216 -1.5125997748467286 -0.9330536699692005 2.422486239561114 1.9036303657836795 1.7497847956118227 0.0 0.0 0.0 0.0 0.0 0.0 0.0 0.0 0.0 0.0 0.0 0.0
0.0 1.089910251349658 -1.344168221595547 2.421517015439704 -1.3996970586584565 -1.1663329581489486 1.9796763287691315 -0.6479942984105195 1.01732526094914 -0.8678617168088892 -1.4540195751280593 -0.5713200265625268 -1.5633851356125843 -1.2901943476701898 2.8447693162498506 -1.4643949109603311 0.0 0.0 0.0 0.0 0.0 0.0 0.0 0.0 0.0 0.0 0.0
0.0 -0.5087344985743213 1.0524634306800105 -1.4817341226581324 0.007381463830231328 3.3138430551285993 0.25803421002159116 -1.9637533302946808 -0.4677401305037797 -0.6733549935840991 2.0757452601473156 -0.1705870829278434 0.5067561223843793 -0.09442587330744534 -1.5766454305608912 3.1612687104741477 -2.148779658259306 0.0 0.0 0.0 0.0 0.0 0.0 0.0 0.0 0.0 0.0
0.0 0.0 0.0 -0.873390255768223 0.37179132952767957 -1.8339979974291492 0.2760744598273346 0.6930949649075075 0.5551290265543805 1.3824224236824108 0.6006491765471994 1.5575173543671499 3.7635748880494564 -1.7944420668877203 -1.5954132403361163 0.1636698642359242 -2.8707070589379486 0.0 0.0 0.0 0.0 0.0 0.0 0.0 0.0 0.0 0.0
0.0 0.0 0.0 0.0 -3.2775306331287 -0.42802763276137057 0.22279888500343148 0.4714941555533928 2.0087001216203566 -1.9354534319594847 -1.1829563778693553 1.4537180162813943 -1.337148621358594 -0.38542967658752875 -2.1638840319837116 2.2943443286971563 -0.4285273659169365 1.1439505897659386 0.0 0.0 0.0 0.0 0.0 0.0 0.0 0.0 0.0
0.0 0.0 0.0 0.0 0.0 0.0 0.0 0.49048717975426587 -1.2887261960507643 0.09290204448579574 -0.1321085634325002 -2.9437597416033694 -1.965414825345746 -2.7631478195029233 -2.1210982956848734 -0.9071163174021218 -2.6247600064122754 1.4369660861043085 3.516300499203492 0.0 0.0 0.0 0.0 0.0 0.0 0.0 0.0
0.0 0.0 0.0 0.0 0.0 0.0 0.0 0.0 0.0 0.34382263461744167 -2.353572983927705 -2.149457483632335 0.198578168273791 1.035538145725227 1.4014023976546863 -1.5783137235190128 1.2152915972988738 -0.015839547253787535 -1.6049428787274251 2.9390741528481823 0.0 0.0 0.0 0.0 0.0 0.0 0.0
0.0 0.0 0.0 0.0 0.0 0.0 0.0 0.0 0.0 0.0 0.0 0.0 0.0 0.0 0.0 0.0 0.0 0.0 0.0 0.0 0.0 0.0 0.0 0.0 0.0 0.0 0.0
0.0 0.0 0.0 0.0 0.0 0.0 0.0 0.0 0.0 0.0 0.0 0.0 0.0 0.0 0.0 0.0 0.0 0.0 0.0 0.0 0.0 0.0 0.0 0.0 0.0 0.0 0.0
0.0 0.0 0.0 0.0 0.0 0.0 0.0 0.0 0.0 0.0 0.0 0.0 0.0 0.0 0.0 0.0 0.0 0.0 0.0 0.0 0.0 0.0 0.0 0.0 0.0 0.0 0.0
4.336285160043212 2.076176160876514 2.744065945568397 3.1918270476759747 1.3726014701087579 -2.2351930870655066 -1.82297664693047 -2.427636915100876 -2.483370273636101 -2.7837290528809038 -2.968759516436883 1.4618685781505594 -2.638579022844067 0.0 0.0 0.0 0.0 0.0 0.0 0.0 0.0 0.0 0.0 0.0 0.0 0.0 0.0
-1.9235666670180722 -1.887486280721794 -1.6482137545044373 -2.0154518538123436 -1.9439273456345443 -0.3814766469674497 2.4652013735193585 2.6991529124309186 -2.3060298469203957 0.1499925507115864 0.6653538128714399 0.9060911900240392 1.2240554448563592 0.7176440917376654 0.0 0.0 0.0 0.0 0.0 0.0 0.0 0.0 0.0 0.0 0.0 0.0 0.0
1.3821729549797515 -1.3956016709617702 -1.14938290621736 1.011620445060468 -1.9656740332358948 -1.274024568570449 -1.2272470552733177 -2.8054704159190185 -2.9307473427768427 -0.6853902425955404 0.5386311677817913 -0.231889296483995 2.6664308774931857 -0.7587926756388795 1.8465318943426345 0.0 0.0 0.0 0.0 0.0 0.0 0.0 0.0 0.0 0.0 0.0 0.0
6.5444911042188805 2.0489145407736133 0.7657386419977162 1.290017157027993 0.5866661678869748 3.353884036506885 -0.473278170511135 3.9179273346372465 1.85874398389049 -0.11720010245527383 0.12001819473070334 0.30291916664770147 0.021009941202906175 -4.761667552791562 -2.435770295140542 0.0 0.0 0.0 0.0 0.0 0.0 0.0 0.0 0.0 0.0 0.0 0.0
2.6709427375878296 -4.19693857263984 -3.8882957803349147 -0.4252609198577582 0.383439675146027 2.8842486569960033 0.9846366860847854 -2.0321117947870833 -0.5362766410356135 -0.09755295860713155 -3.242471198953494 -2.3221500543470635 0.9124235694254426 -4.631348034703765 -2.7260737558504755 0.0 0.0 0.0 0.0 0.0 0.0 0.0 0.0 0.0 0.0 0.0 0.0
-0.40995444847752666 -5.8534163947929025 -0.6022898574824352 -4.291600783616061 0.4247181746719169 -1.0322641337148286 -2.1916641028452846 -0.8548106927109724 -0.19871159285562595 3.0038580593320083 0.6540630254978839 1.1574163656074672 5.565462236388371 0.4280846815417332 4.845984884036733 5.439242930127049 0.0 0.0 0.0 0.0 0.0 0.0 0.0 0.0 0.0 0.0 0.0
1.4355022093773564 0.2767449740514555 -3.9469823459344706 -0.2365786343050513 3.3771540267294573 3.6729741771070126 1.8073100035530707 -0.931365421499301 -1.0387586942332148 -0.15354527307969373 4.8113441938011166 6.610653282432867 -1.2789392216977724 3.54520469067473 -1.4287468334748932 1.989255838075316 0.0 0.0 0.0 0.0 0.0 0.0 0.0 0.0 0.0 0.0 0.0
0.5882258979158598 -1.2939790341168602 -0.26174947998220505 -2.121610248349204 0.25565614582781987 -1.3076829308712723 -3.7841137569744285 -0.9925838923113209 -1.7327032508629037 2.439592833492941 1.6068093869249647 -4.265409968600813 -1.8467149754151253 -1.9771059335308012 -1.8705139786684082 -2.588678562422579 -3.2376654030803818 0.0 0.0 0.0 0.0 0.0 0.0 0.0 0.0 0.0 0.0
0.0 -0.25553319160341487 -1.5471501778329508 -3.6810674149486577 -1.0348860956195034 -1.735071328778369 -1.1482250658442477 -1.462262490233699 2.342909917515622 -0.871903826511834 2.0351959991347104 1.5304740177201694 1.1524123223009457 4.614000936164321 -2.3003130947693 -0.3866087832447236 1.025831250720363 -0.16342541710286826 0.0 0.0 0.0 0.0 0.0 0.0 0.0 0.0 0.0
0.0 0.0 1.4935844529770497 1.0916946336431488 0.701087223924918 -0.34965774552339024 -4.905180814102282 1.3673144366300922 1.9410426045404292 -2.801488556447176 -0.07602000531098325 -1.1133514740037593 -0.3298079057565338 0.7797174045031087 0.5858091883170606 3.509434028152709 -2.074093701373713 -2.9105986468536122 2.011257680669465 0.0 0.0 0.0 0.0 0.0 0.0 0.0 0.0
0.0 0.0 0.0 0.0 4.103191264947056 2.0630508283655704 1.2673429132563183 -1.7881375910742396 -1.96995559253529 5.459486483048625 0.24255418441916055 0.7731666654716035 1.4171319803627618 -0.20142504249811452 -1.0797162088023906 -1.5401064173512458 0.19600730179196432 2.3833999870505833 -2.2328845077631034 -1.9610579999635849 0.0 0.0 0.0 0.0 0.0 0.0 0.0
0.0 0.0 0.0 0.0 0.0 0.0 0.0 0.0 -4.646016858829059 0.2087367800540694 3.0643642902002974 1.2155267926736066 -0.4829902093373017 0.8173955363255199 1.8202638900149484 3.3031619072490783 -0.5250975465186101 -4.013211922535108 -3.1953058848471483 -2.454802522460139 0.009295523644553907 0.0 0.0 0.0 0.0 0.0 0.0
0.0 0.0 0.0 0.0 0.0 0.0 0.0 0.0 0.0 0.0 0.0 0.0 0.0 0.0 0.0 0.0 0.0 0.0 0.0 0.0 0.0 0.0 0.0 0.0 0.0 0.0 0.0
0.0 0.0 0.0 0.0 0.0 0.0 0.0 0.0 0.0 0.0 0.0 0.0 0.0 0.0 0.0 0.0 0.0 0.0 0.0 0.0 0.0 0.0 0.0 0.0 0.0 0.0 0.0
0.0 0.0 0.0 0.0 0.0 0.0 0.0 0.0 0.0 0.0 0.0 0.0 0.0 0.0 0.0 0.0 0.0 0.0 0.0 0.0 0.0 0.0 0.0 0.0 0.0 0.0 0.0
-3.3497110288270844 -0.5391563917921395 1.9315020741418363 0.3465505930432347 0.2765740785155979 -0.7882250494593608 0.5351146996550832 0.5454843491418103 2.2867274435921385 1.7178730814013627 -1.2451965374688556 1.253018603654422 -1.4585331812314972 -2.343604251583163 0.0 0.0 0.0 0.0 0.0 0.0 0.0 0.0 0.0 0.0 0.0 0.0 0.0
1.3821729549797515 -1.3956016709617702 -1.14938290621736 1.011620445060468 -1.9656740332358948 -1.274024568570449 -1.2272470552733177 -2.8054704159190185 -2.9307473427768427 -0.6853902425955404 0.5386311677817913 -0.231889296483995 2.6664308774931857 -0.7587926756388795 1.8465318943426345 0.0 0.0 0.0 0.0 0.0 0.0 0.0 0.0 0.0 0.0 0.0 0.0
2.3463285914488243 -0.601969754181784 -4.284479685089095 -2.6941709920072774 -3.722027705661232 -0.5217051426085189 3.04900882245333 3.7880569692994106 0.14778536924211938 -0.5885471425226224 0.8432432941725931 1.3292761542963922 0.9871812835811276 -0.75117407568595 -5.658820238343039 0.0 0.0 0.0 0.0 0.0 0.0 0.0 0.0 0.0 0.0 0.0 0.0
0.11080768237431364 -3.016333702364413 -4.334398419943444 -0.8477492590293165 2.1486986862822044 0.7529924874754454 0.44970669724236756 2.326516810436835 3.0160767955341847 0.3247154035036142 -2.2871235380552246 -0.8843609637044437 1.7517196247026505 0.36739862389437505 -1.241409168864473 -0.7464359536093031 0.0 0.0 0.0 0.0 0.0 0.0 0.0 0.0 0.0 0.0 0.0
-1.2562263440105663 -1.7581398416316754 -0.9617556723985917 0.7659124892513567 1.3014474461399326 3.476628297567647 1.5179390273267488 -2.1498370478893 1.2863528552061971 1.5498270122074473 -1.77197003024767 2.85328003565984 -0.8162771299615705 -0.6341401242187797 4.346647923363552 6.298654906927966 0.0 0.0 0.0 0.0 0.0 0.0 0.0 0.0 0.0 0.0 0.0
2.097626478592625 -0.5784492131405696 0.4483632875746447 1.099223944238138 0.019015857019622055 0.21750104090679268 1.0024305499255963 1.147561634640092 1.0268438744958623 3.243236463245672 5.397736014639189 3.6492542348405195 -0.36023851110170685 -2.533002444912691 -3.302009725201774 -2.3692200998304256 0.0 0.0 0.0 0.0 0.0 0.0 0.0 0.0 0.0 0.0 0.0
-0.3339402098494165 -2.045112189735593 -4.223291971375145 -0.21379098160969717 2.034847108336441 3.477418720341948 -0.4174025957487967 2.142375760619374 2.0741482274864524 1.6416627556704644 1.2349688192881196 -2.1974781043883387 -0.3646546071623544 -0.7000618435055231 -2.5457655532654573 0.26394888623482093 0.24717906129851286 0.0 0.0 0.0 0.0 0.0 0.0 0.0 0.0 0.0 0.0
-0.4499373273261652 1.1753797489409663 -2.35627179046282 -1.7387041958440268 -1.5979135527257815 -0.36361006423276065 -0.13298025329460322 3.80481183416614 5.1381660131946925 4.997542636215174 1.70995854214395 -2.7219354411715813 2.2546832409623923 -0.04725436048291713 -1.4501757343345216 -0.4073577406971698 -0.06543498060413433 -0.15847714777243552 0.0 0.0 0.0 0.0 0.0 0.0 0.0 0.0 0.0
0.5495710863323153 1.9517624287267556 1.876857525644098 0.22902852958549866 -0.2878483534298598 -1.140689191098864 -2.9729043987846375 0.5422627297144151 0.5988416173747966 -1.0911820310200988 -0.43310569926599507 -4.837874347820712 -3.489346332146529 -1.6976147635962213 -0.639208253403115 -1.8996734700689637 -0.8297578817138099 -1.708046167128877 -0.5664535470795086 0.0 0.0 0.0 0.0 0.0 0.0 0.0 0.0
0.4545974285005798 -1.076788700176992 3.1956383586844335 -0.39939951742393115 -1.9764908394595833 0.18527608889672237 -3.1835528876208934 -4.136898991764816 -1.3957015171963383 -1.0380794041740031 -0.21528641031917495 -1.6128183586854345 -2.7442701245331538 -0.2405353952716172 -1.6275511437583945 1.2989300581344534 1.343607506933808 1.0326028375124927 2.0493115060470686 1.3131701378154141 0.0 0.0 0.0 0.0 0.0 0.0 0.0
0.0 0.0 0.39901114973046486 -0.6670132245487177 -2.85254117941802 -1.2581240330553733 0.5571241870328446 -0.7571258974739576 -0.1783340597384542 0.020910806912287052 -2.3080936057936317 -0.9778315586767939 -0.3481031628567512 -1.9847426500760277 -1.322725233753601 -0.6002494729316792 0.15907226101467742 0.18892307552091814 -1.0970304837932685 0.5650385146687369 0.0 0.0 0.0 0.0 0.0 0.0 0.0
0.0 0.0 0.0 0.0 0.0 -1.908056499432975 -0.12157469626546095 5.170263363425405 0.7756955172324884 -0.4692774192671754 -0.6314464437963695 0.7749427411128305 0.11162461894474798 -1.88690137966662 -3.3539719962759853 0.09272350952729908 -1.3110906307545946 0.9497006534427663 1.0024911228575988 -0.684535255166586 0.6030231672966389 0.0 0.0 0.0 0.0 0.0 0.0
0.0 0.0 0.0 0.0 0.0 0.0 0.0 0.0 0.0 0.0 0.0 0.0 0.0 0.0 0.0 0.0 0.0 0.0 0.0 0.0 0.0 0.0 0.0 0.0 0.0 0.0 0.0
0.0 0.0 0.0 0.0 0.0 0.0 0.0 0.0 0.0 0.0 0.0 0.0 0.0 0.0 0.0 0.0 0.0 0.0 0.0 0.0 0.0 0.0 0.0 0.0 0.0 0.0 0.0
0.0 0.0 0.0 0.0 0.0 0.0 0.0 0.0 0.0 0.0 0.0 0.0 0.0 0.0 0.0 0.0 0.0 0.0 0.0 0.0 0.0 0.0 0.0 0.0 0.0 0.0 0.0
1.4966353760429987 -2.7709667018556323 -1.6478602620707246 1.98042197229439 2.0459725243740032 -0.2052103681758584 -0.03413739082008891 -2.61543986801817 -2.1817540685435404 0.12694167218506394 0.9921818301270583 5.240076583367774 0.4442089743552175 0.044695462056265865 0.0 0.0 0.0 0.0 0.0 0.0 0.0 0.0 0.0 0.0 0.0 0.0 0.0
6.5444911042188805 2.0489145407736133 0.7657386419977162 1.290017157027993 0.5866661678869748 3.353884036506885 -0.473278170511135 3.9179273346372465 1.85874398389049 -0.11720010245527383 0.12001819473070334 0.30291916664770147 0.021009941202906175 -4.761667552791562 -2.435770295140542 0.0 0.0 0.0 0.0 0.0 0.0 0.0 0.0 0.0 0.0 0.0 0.0
0.11080768237431364 -3.016333702364413 -4.334398419943444 -0.8477492590293165 2.1486986862822044 0.7529924874754454 0.44970669724236756 2.326516810436835 3.0160767955341847 0.3247154035036142 -2.2871235380552246 -0.8843609637044437 1.7517196247026505 0.36739862389437505 -1.241409168864473 -0.7464359536093031 0.0 0.0 0.0 0.0 0.0 0.0 0.0 0.0 0.0 0.0 0.0
2.239305828715883 -1.2888111067155552 -1.9971726428111618 1.4385598504837098 0.8059055530705653 0.13979340624974726 -2.847013696938059 -0.7811283199161134 -0.22860892682059625 0.25372956412673026 3.0533181905038806 -0.9767923934576951 1.3974217653264391 2.3721485032264833 -1.4999844689473019 -1.7846413348050558 0.0 0.0 0.0 0.0 0.0 0.0 0.0 0.0 0.0 0.0 0.0
0.6171370105174357 3.0749577268663004 3.2897990328726707 0.9954926750570323 -0.08470117724610024 1.0509887650046168 -0.947107912493856 0.0032809431426192048 0.7538723617892391 -0.20946905309044536 0.6841539374285889 0.6923089585051688 -2.096794285009682 -1.8334839820934017 2.436872707627924 0.5222246679280304 0.0 0.0 0.0 0.0 0.0 0.0 0.0 0.0 0.0 0.0 0.0
-1.8426136429896762 1.2029044620550107 -1.6018039258172891 -0.9212859175960679 -1.117977830242192 2.5342982244317027 0.9389659303086456 3.5812852116220246 2.5414794738579074 -1.2318159168872587 -2.1460459615970002 -0.17791287143907747 0.5628133375687661 1.6709880679381528 0.1691885258006851 -0.18441654843933827 -0.418578275264232 0.0 0.0 0.0 0.0 0.0 0.0 0.0 0.0 0.0 0.0
-2.2649791049831753 0.13989713851304797 1.3775798609635193 2.1007831047652914 3.03068874351066 3.0096150901026597 1.7372846524111705 0.14404533950521933 1.6939700807785674 0.859832127779541 2.618060710159692 1.834938307120087 -0.912771749329231 2.944097926676233 -0.6813780728482018 -2.553279539630976 -3.125397868088846 0.0 0.0 0.0 0.0 0.0 0.0 0.0 0.0 0.0 0.0
-1.3926078873999221 -0.16964262591826829 -0.6638717790072766 0.18768622041869332 1.0583956034092543 -1.3850578552835517 -0.5696323375727261 0.25527665608229744 1.187227017818889 0.6394405168506054 -0.38621010047998583 -1.0236880802638464 -2.9503291516998127 0.3915857640042657 4.877310518941939 4.195986167104909 4.752540046010728 2.0324314714804945 0.0 0.0 0.0 0.0 0.0 0.0 0.0 0.0 0.0
-1.0060776931417004 -0.5732551438087679 1.7259650535100912 0.8201330791507152 -1.1180687399969331 1.4558848213705695 0.3024337232695913 0.06704120773531473 1.7805802244932518 0.3732180669715498 1.1735258624946747 0.007473469881899188 -0.887517575889815 2.1956663584552127 -0.5429219157324396 0.7085367885037069 -0.8553420023468371 -0.04972803317535419 0.07693865589504968 0.0 0.0 0.0 0.0 0.0 0.0 0.0 0.0
0.6050258088856646 1.316005814986807 -1.5535062030942788 -0.14874090986518831 2.530387526481615 -2.260963225307667 -1.6810741517261936 0.25391480656640913 -0.6034964895986646 2.2057023703804886 1.599948566168139 -0.45766764604543314 -1.9974907331948002 -0.6379610429794008 -0.13371655793787157 -0.6160319451081008 -0.07046812757205899 -4.122985365801589 -1.936968855630889 -0.7121334298411385 0.0 0.0 0.0 0.0 0.0 0.0 0.0
0.0 -4.459520720595475 2.204448254664752 -1.776441616504674 -1.5339334678652767 -2.2811803196491756 0.41380193183242475 1.1593936420546604 1.2801536040435797 4.925588540988536 4.039078274056731 1.7834693183006252 1.268727680003195 -4.482404571411272 0.16201286604995688 0.44977189807538887 -0.6500593311346465 0.41309707234818216 -1.3821897055731147 2.4599337920523228 1.6588390559641255 0.0 0.0 0.0 0.0 0.0 0.0
0.0 0.0 0.0 1.587792900721611 2.827054068150892 2.0038441664729696 1.0986510190748597 1.3315498472694545 4.154999974557614 4.295231565533381 -2.2413866448218798 4.545926402014906 -0.9859177923677145 -1.2717212979446404 -1.8053831935620475 -0.12627559334627278 0.2093352597880857 -0.24400172104147785 0.640675927484278 0.09160890353858994 -2.1388046133510157 -2.6109707776789217 0.0 0.0 0.0 0.0 0.0
0.0 0.0 0.0 0.0 0.0 0.0 0.0 0.0 0.0 0.0 0.0 0.0 0.0 0.0 0.0 0.0 0.0 0.0 0.0 0.0 0.0 0.0 0.0 0.0 0.0 0.0 0.0
0.0 0.0 0.0 0.0 0.0 0.0 0.0 0.0 0.0 0.0 0.0 0.0 0.0 0.0 0.0 0.0 0.0 0.0 0.0 0.0 0.0 0.0 0.0 0.0 0.0 0.0 0.0
0.0 0.0 0.0 0.0 0.0 0.0 0.0 0.0 0.0 0.0 0.0 0.0 0.0 0.0 0.0 0.0 0.0 0.0 0.0 0.0 0.0 0.0 0.0 0.0 0.0 0.0 0.0
4.108495830747698 -0.5556580118181785 -2.091537472868013 0.30778214624995254 -0.22190299186582377 2.250361698180583 -0.1295153729029242 -1.8002432171282898 -0.9562195005198486 -2.227343185844084 2.193648246675344 0.19791751505692598 -0.7928130901121023 2.236159872989746 0.3230581388685548 0.0 0.0 0.0 0.0 0.0 0.0 0.0 0.0 0.0 0.0 0.0 0.0
2.6709427375878296 -4.19693857263984 -3.8882957803349147 -0.4252609198577582 0.383439675146027 2.8842486569960033 0.9846366860847854 -2.0321117947870833 -0.5362766410356135 -0.09755295860713155 -3.242471198953494 -2.3221500543470635 0.9124235694254426 -4.631348034703765 -2.7260737558504755 0.0 0.0 0.0 0.0 0.0 0.0 0.0 0.0 0.0 0.0 0.0 0.0
-1.2562263440105663 -1.7581398416316754 -0.9617556723985917 0.7659124892513567 1.3014474461399326 3.476628297567647 1.5179390273267488 -2.1498370478893 1.2863528552061971 1.5498270122074473 -1.77197003024767 2.85328003565984 -0.8162771299615705 -0.6341401242187797 4.346647923363552 6.298654906927966 0.0 0.0 0.0 0.0 0.0 0.0 0.0 0.0 0.0 0.0 0.0
0.6171370105174357 3.0749577268663004 3.2897990328726707 0.9954926750570323 -0.08470117724610024 1.0509887650046168 -0.947107912493856 0.0032809431426192048 0.7538723617892391 -0.20946905309044536 0.6841539374285889 0.6923089585051688 -2.096794285009682 -1.8334839820934017 2.436872707627924 0.5222246679280304 0.0 0.0 0.0 0.0 0.0 0.0 0.0 0.0 0.0 0.0 0.0
-4.811863693978811 -1.9676166752774347 -1.4492827274400226 -2.1495158198058033 2.2679198437380172 3.055647607625508 2.993585548835603 -2.0063765751094693 -3.8842680182786036 1.3108109123857425 1.9228318643957598 -0.46767586080159423 0.9624339277171442 -0.5492474188334066 -1.4855334202034383 -3.2851966303248763 -1.267058070913743 0.0 0.0 0.0 0.0 0.0 0.0 0.0 0.0 0.0 0.0
-4.215287338170033 -2.8289892103320424 -1.240306930810622 -0.4488570662278669 1.1634727927115571 -3.6155862302545345 -2.121268815682841 0.015810349832316807 0.9596529647120108 2.421001187412813 1.5856145018893302 -0.6968651600727869 -0.7554820891533103 -0.8501059254548744 7.447224226853778 9.453066968600867 3.506956824471858 0.0 0.0 0.0 0.0 0.0 0.0 0.0 0.0 0.0 0.0
2.108828202726977 0.6798893098520342 1.7401824816069256 2.3666768267804543 0.10880603463089837 2.5404490126990136 0.8185767938262555 1.7865361099023085 2.958358570074612 0.5552269681470959 -1.0625466438789113 -0.9669863553181114 -0.6152876944768682 -0.8689318758549414 4.317126694061522 -0.6437388292475563 -1.2966760993861066 -1.0519933574031775 0.0 0.0 0.0 0.0 0.0 0.0 0.0 0.0 0.0
-1.695093560771052 -1.2959639851391513 -2.03824287879121 -1.872625909108001 1.169500768782363 0.3306665249457926 4.402807361946096 4.391256877609106 2.493789243494737 3.4241564138563425 2.8385460487045537 0.46378024819886315 -1.5844048791881864 -2.560791542833506 -0.5577391402433952 0.8049918808497 1.416776088629431 0.633422526000264 -2.485514376161539 0.0 0.0 0.0 0.0 0.0 0.0 0.0 0.0
-1.686680845146437 1.1647529150244085 1.8403875343665455 -0.13613115750429866 -0.3171545485609336 -1.4317782039234286 -0.7032379291508519 0.6275340970527267 0.5718706757760819 -3.0816954282640685 -3.4130288912256 -1.3760913856883972 0.004984662325823171 1.407514361379494 2.8969295042816645 -0.16870942908813488 0.20064848330544272 -0.7877150541659557 -1.9230510145996187 0.0 0.0 0.0 0.0 0.0 0.0 0.0 0.0
-2.66230487648581 -4.726714037155835 -5.877656225572362 -3.438685353528393 1.7028395430749006 5.28174160136722 2.898250970945668 -1.456653869397861 -2.6028659672853087 -0.4482242789924487 0.33711626823619234 -0.1797365283776245 0.5040716731423841 0.9350042825003722 0.5819657168350164 0.08980583375138722 -0.07783433897962197 -0.349715557975225 2.1214685937008158 1.506274442659912 0.0 0.0 0.0 0.0 0.0 0.0 0.0
-0.43260706935273024 0.9637195625947939 0.47196404612393916 -1.7843761564144949 0.8814949482166509 1.9242015579393905 0.682986422285153 -0.055602449094418346 -2.523396903469655 -5.8372069575286805 -5.624293650317387 -3.608013529780039 -1.6260145059147573 -0.5912187073841034 0.18082735066575614 -0.018666047618764732 0.021000498945015784 0.10848030335027098 -0.35783290134573664 2.124893995959562 2.1043996897561943 0.0 0.0 0.0 0.0 0.0 0.0
0.0 0.0 2.1995918456041017 1.8277571359282692 -0.312844599823088 -0.4615077204259097 1.6754145190839167 1.3019223807623252 -0.32857466630492294 0.6003423911485875 -1.234300214589543 -0.8907201013880902 -0.9483461472690345 -0.6133542648067676 -0.41200534220200336 0.08477406978119001 -0.06461768023369492 -0.009883230440844076 -0.0268100758839726 0.3193868707283889 -0.395614426585869 0.9797746073188889 0.0 0.0 0.0 0.0 0.0
0.0 0.0 0.0 0.0 0.0 0.0 0.0 0.0 0.0 0.0 0.0 0.0 0.0 0.0 0.0 0.0 0.0 0.0 0.0 0.0 0.0 0.0 0.0 0.0 0.0 0.0 0.0
0.0 0.0 0.0 0.0 0.0 0.0 0.0 0.0 0.0 0.0 0.0 0.0 0.0 0.0 0.0 0.0 0.0 0.0 0.0 0.0 0.0 0.0 0.0 0.0 0.0 0.0 0.0
0.0 0.0 0.0 0.0 0.0 0.0 0.0 0.0 0.0 0.0 0.0 0.0 0.0 0.0 0.0 0.0 0.0 0.0 0.0 0.0 0.0 0.0 0.0 0.0 0.0 0.0 0.0
-0.5561143468735605 1.1741673889161557 -0.93728156113337 1.064064521087924 3.968452119940132 1.459811703060143 1.3714403878812524 2.249856484682024 -0.822967574419763 -0.8349226054017216 -1.5125997748467286 -0.9330536699692005 2.422486239561114 1.9036303657836795 1.7497847956118227 0.0 0.0 0.0 0.0 0.0 0.0 0.0 0.0 0.0 0.0 0.0 0.0
-0.40995444847752666 -5.8534163947929025 -0.6022898574824352 -4.291600783616061 0.4247181746719169 -1.0322641337148286 -2.1916641028452846 -0.8548106927109724 -0.19871159285562595 3.0038580593320083 0.6540630254978839 1.1574163656074672 5.565462236388371 0.4280846815417332 4.845984884036733 5.439242930127049 0.0 0.0 0.0 0.0 0.0 0.0 0.0 0.0 0.0 0.0 0.0
2.097626478592625 -0.5784492131405696 0.4483632875746447 1.099223944238138 0.019015857019622055 0.21750104090679268 1.0024305499255963 1.147561634640092 1.0268438744958623 3.243236463245672 5.397736014639189 3.6492542348405195 -0.36023851110170685 -2.533002444912691 -3.302009725201774 -2.3692200998304256 0.0 0.0 0.0 0.0 0.0 0.0 0.0 0.0 0.0 0.0 0.0
-1.8426136429896762 1.2029044620550107 -1.6018039258172891 -0.9212859175960679 -1.117977830242192 2.5342982244317027 0.9389659303086456 3.5812852116220246 2.5414794738579074 -1.2318159168872587 -2.1460459615970002 -0.17791287143907747 0.5628133375687661 1.6709880679381528 0.1691885258006851 -0.18441654843933827 -0.418578275264232 0.0 0.0 0.0 0.0 0.0 0.0 0.0 0.0 0.0 0.0
-4.215287338170033 -2.8289892103320424 -1.240306930810622 -0.4488570662278669 1.1634727927115571 -3.6155862302545345 -2.121268815682841 0.015810349832316807 0.9596529647120108 2.421001187412813 1.5856145018893302 -0.6968651600727869 -0.7554820891533103 -0.8501059254548744 7.447224226853778 9.453066968600867 3.506956824471858 0.0 0.0 0.0 0.0 0.0 0.0 0.0 0.0 0.0 0.0
0.6590141628733541 -0.7189383214512037 0.11943649882269579 1.2980851081522868 1.157962201506002 -0.9427490208388503 -0.13948836050748767 0.9755297068688238 1.9677275007057344 2.526299370926109 3.5020389955958113 2.1843703808856905 -1.8111397141329948 -0.22132450097084838 4.107799081868091 3.373663187601317 1.4603404697483007 0.0 0.0 0.0 0.0 0.0 0.0 0.0 0.0 0.0 0.0
-0.07687287595104117 -0.08605350538796132 -0.526981902177276 2.3670995180513774 1.5351291466683648 2.812365353406132 1.2756039948279896 -0.1708336869219371 -0.2637604765172537 1.1935786044467853 0.9262527206870822 -1.0861565227300738 -1.142813685235661 1.009007535240983 2.1090923663239978 0.4220745102033045 0.495753318808074 -1.2527417959188663 0.0 0.0 0.0 0.0 0.0 0.0 0.0 0.0 0.0
-2.0758236019731755 -2.704788561224692 -1.2784503828473635 0.5684053915241228 -2.0885818486965677 0.3011091187636506 -0.5115911115357926 -0.6729034099718397 -0.5220334455702466 -0.3092694510477298 -0.1775023756873962 -0.003035337043095177 -1.2778456679088612 -1.6243057703480652 1.5421543158099347 -0.08475925669323822 1.0703956073838397 0.3645222426895154 0.40643145638479394 0.0 0.0 0.0 0.0 0.0 0.0 0.0 0.0
-0.17111085187413422 -0.9669865744360304 0.5283336706420991 5.876684541373845 7.3726641092863145 2.391199997942385 -0.5661500643325111 -1.0483415123078383 -0.5360262359348372 -0.4301541222231771 -0.3821776885833527 -1.1080980643062963 -0.31399590370967273 1.337398169290742 1.9198586756916451 0.0989386377881674 -0.3464393099674666 1.4282134933148443 4.685644092680899 2.872856540355181 0.0 0.0 0.0 0.0 0.0 0.0 0.0
0.017945046578176246 -1.6256531447509808 -1.6006713008689404 -1.0616219597232435 5.046283811740774 1.815350817003741 -0.5687664800206536 -1.8186482888837172 -2.5410696066153466 -1.9718279560403245 -1.6218749513534987 -0.6569615693377584 0.4552638104119916 1.5460681373659464 1.854364459990058 0.09082568189953866 -0.02464841002514743 0.0028578740592313 1.6044087179722337 0.6015455661200689 1.1582275980591004 0.0 0.0 0.0 0.0 0.0 0.0
3.2873155336590756 1.878138200827795 -0.5064297575511078 -2.916367418238684 2.0473377593947206 1.5237543216383709 1.359649470546241 -1.1569544723481504 -2.1382486114662718 -2.5686994565380097 -1.7671458813748355 -0.8807431296078763 -0.20880801477801147 0.4671267702891716 0.08968254997201967 0.010142649855462557 0.01920930494088026 -0.023160489178278364 0.045730285572913774 1.696835855360285 2.281378074572319 0.19253399247411976 0.0 0.0 0.0 0.0 0.0
0.0 -0.6377901400888142 -0.9316612159884993 -1.0636937288514525 -2.7142643690798316 -1.2567038442872 2.1527657415685266 1.14675200841305 -3.2732543430618315 -0.41033281075430506 0.05096054580494716 -0.29766252063200727 -0.3796157284932521 -0.1133199971081888 0.6086450491814903 0.016579042392897675 0.004496875342256218 0.015291771048411876 -0.030195938312919737 0.04490008273690398 -0.0025149035125757993 1.3405622876307333 0.0 0.0 0.0 0.0 0.0
0.0 0.0 0.0 0.0 0.0 0.0 0.0 0.0 0.0 0.0 0.0 0.0 0.0 0.0 0.0 0.0 0.0 0.0 0.0 0.0 0.0 0.0 0.0 0.0 0.0 0.0 0.0
0.0 0.0 0.0 0.0 0.0 0.0 0.0 0.0 0.0 0.0 0.0 0.0 0.0 0.0 0.0 0.0 0.0 0.0 0.0 0.0 0.0 0.0 0.0 0.0 0.0 0.0 0.0
0.0 0.0 0.0 0.0 0.0 0.0 0.0 0.0 0.0 0.0 0.0 0.0 0.0 0.0 0.0 0.0 0.0 0.0 0.0 0.0 0.0 0.0 0.0 0.0 0.0 0.0 0.0
0.0 1.089910251349658 -1.344168221595547 2.421517015439704 -1.3996970586584565 -1.1663329581489486 1.9796763287691315 -0.6479942984105195 1.01732526094914 -0.8678617168088892 -1.4540195751280593 -0.5713200265625268 -1.5633851356125843 -1.2901943476701898 2.8447693162498506 -1.4643949109603311 0.0 0.0 0.0 0.0 0.0 0.0 0.0 0.0 0.0 0.0 0.0
1.4355022093773564 0.2767449740514555 -3.9469823459344706 -0.2365786343050513 3.3771540267294573 3.6729741771070126 1.8073100035530707 -0.931365421499301 -1.0387586942332148 -0.15354527307969373 4.8113441938011166 6.610653282432867 -1.2789392216977724 3.54520469067473 -1.4287468334748932 1.989255838075316 0.0 0.0 0.0 0.0 0.0 0.0 0.0 0.0 0.0 0.0 0.0
-0.3339402098494165 -2.045112189735593 -4.223291971375145 -0.21379098160969717 2.034847108336441 3.477418720341948 -0.4174025957487967 2.142375760619374 2.0741482274864524 1.6416627556704644 1.2349688192881196 -2.1974781043883387 -0.3646546071623544 -0.7000618435055231 -2.5457655532654573 0.26394888623482093 0.24717906129851286 0.0 0.0 0.0 0.0 0.0 0.0 0.0 0.0 0.0 0.0
-2.2649791049831753 0.13989713851304797 1.3775798609635193 2.1007831047652914 3.03068874351066 3.0096150901026597 1.7372846524111705 0.14404533950521933 1.6939700807785674 0.859832127779541 2.618060710159692 1.834938307120087 -0.912771749329231 2.944097926676233 -0.6813780728482018 -2.553279539630976 -3.125397868088846 0.0 0.0 0.0 0.0 0.0 0.0 0.0 0.0 0.0 0.0
2.108828202726977 0.6798893098520342 1.7401824816069256 2.3666768267804543 0.10880603463089837 2.5404490126990136 0.8185767938262555 1.7865361099023085 2.958358570074612 0.5552269681470959 -1.0625466438789113 -0.9669863553181114 -0.6152876944768682 -0.8689318758549414 4.317126694061522 -0.6437388292475563 -1.2966760993861066 -1.0519933574031775 0.0 0.0 0.0 0.0 0.0 0.0 0.0 0.0 0.0
-0.07687287595104117 -0.08605350538796132 -0.526981902177276 2.3670995180513774 1.5351291466683648 2.812365353406132 1.2756039948279896 -0.1708336869219371 -0.2637604765172537 1.1935786044467853 0.9262527206870822 -1.0861565227300738 -1.142813685235661 1.009007535240983 2.1090923663239978 0.4220745102033045 0.495753318808074 -1.2527417959188663 0.0 0.0 0.0 0.0 0.0 0.0 0.0 0.0 0.0
1.5842174240099145 1.7112756126827984 1.9313461450710758 1.290032194833923 2.500462471080329 0.8452653725599107 0.7460791586785306 0.44714821877512956 -0.2027635605720275 -1.1746496777046997 -1.5600729649966583 -1.1840124743919478 -0.28804050958093946 -0.4651965810627313 0.5747311550470587 -0.001492085539291002 1.6227802651554577 1.7265135856863723 -0.9356359591803349 0.0 0.0 0.0 0.0 0.0 0.0 0.0 0.0
-2.008159495336779 -1.1083998317433839 0.8513178039744258 1.495484284389534 0.5448789126112846 -1.9619355719933282 -2.12107194467671 -1.3372254944546993 -0.7589873576683293 -0.7668871019758415 -0.4693399919570953 0.16252055136151225 -0.73048429505544 -2.6650331627027852 -0.6615620105521742 0.131404555704021 -0.5411085623603581 3.6094920192297657 1.017509202699284 0.0 0.0 0.0 0.0 0.0 0.0 0.0 0.0
-1.429804571598111 -1.079901402096507 0.12111892756320486 -0.5046533303178017 -2.3350015037146434 -1.8354541006149927 -0.3905909858337954 0.11283225719875224 0.6922366941303953 1.7376867405442251 1.9670063167259801 0.8187511565872471 -1.3007505849192655 -1.2198728605569007 0.07426637809067181 0.02033956569743465 -0.041389894137307426 -0.38225860555484226 -3.179400587910868 -2.6138150503692357 0.0 0.0 0.0 0.0 0.0 0.0 0.0
-0.7140381355980562 -0.8184357806430843 -0.290499490166911 -1.029128059180004 -1.9136510378963614 -0.40002212657159786 -1.1198021047260214 -0.8719837439107558 0.03704096906956589 0.3015665256221008 -0.19847544481305804 -1.6161046174607543 -1.4363443534342915 0.03984617407946568 0.34484815016654263 0.035472366674073726 -0.019506090760065688 -0.04838373063013161 -0.04512409240312077 -1.9822925710594148 2.7739200787102845 0.0 0.0 0.0 0.0 0.0 0.0
2.558834120404971 2.514479716641687 2.3667489646524897 4.239880107839386 -1.639556431659893 -3.9344973739887448 -0.2072001509461121 1.9634472608213849 1.0559367394284136 -0.780115188982225 -1.663549861219405 -1.4130264124690242 -1.019499891479866 -0.8060487627861896 -0.6169233600591411 -0.013593754756456727 0.03244105052424327 -0.006767348733107921 -0.0004618215058108982 0.007544876805160259 1.2664213826474133 1.0915464508356605 0.0 0.0 0.0 0.0 0.0
1.3972945071614038 0.6707951961171849 0.28410995225307734 -1.115678408264975 4.223632670027849 2.6548757302488077 3.3425425201000754 1.8130950856769141 3.030338092127901 -0.20075582123588712 -0.8430026632718703 -1.7186797548530288 -1.3464064434563427 -0.048972494806140576 0.4140438488254651 0.02976402625243366 -0.012400907910332135 0.013961458150556648 -0.022519060968184935 0.02000169182687548 -0.3213181435963413 -3.0851226788087596 -3.330651852596154 0.0 0.0 0.0 0.0
0.0 0.0 0.0 0.0 0.0 0.0 0.0 0.0 0.0 0.0 0.0 0.0 0.0 0.0 0.0 0.0 0.0 0.0 0.0 0.0 0.0 0.0 0.0 0.0 0.0 0.0 0.0
0.0 0.0 0.0 0.0 0.0 0.0 0.0 0.0 0.0 0.0 0.0 0.0 0.0 0.0 0.0 0.0 0.0 0.0 0.0 0.0 0.0 0.0 0.0 0.0 0.0 0.0 0.0
0.0 0.0 0.0 0.0 0.0 0.0 0.0 0.0 0.0 0.0 0.0 0.0 0.0 0.0 0.0 0.0 0.0 0.0 0.0 0.0 0.0 0.0 0.0 0.0 0.0 0.0 0.0
0.0 -0.5087344985743213 1.0524634306800105 -1.4817341226581324 0.007381463830231328 3.3138430551285993 0.25803421002159116 -1.9637533302946808 -0.4677401305037797 -0.6733549935840991 2.0757452601473156 -0.1705870829278434 0.5067561223843793 -0.09442587330744534 -1.5766454305608912 3.1612687104741477 -2.148779658259306 0.0 0.0 0.0 0.0 0.0 0.0 0.0 0.0 0.0 0.0
0.5882258979158598 -1.2939790341168602 -0.26174947998220505 -2.121610248349204 0.25565614582781987 -1.3076829308712723 -3.7841137569744285 -0.9925838923113209 -1.7327032508629037 2.439592833492941 1.6068093869249647 -4.265409968600813 -1.8467149754151253 -1.9771059335308012 -1.8705139786684082 -2.588678562422579 -3.2376654030803818 0.0 0.0 0.0 0.0 0.0 0.0 0.0 0.0 0.0 0.0
-0.4499373273261652 1.1753797489409663 -2.35627179046282 -1.7387041958440268 -1.5979135527257815 -0.36361006423276065 -0.13298025329460322 3.80481183416614 5.1381660131946925 4.997542636215174 1.70995854214395 -2.7219354411715813 2.2546832409623923 -0.04725436048291713 -1.4501757343345216 -0.4073577406971698 -0.06543498060413433 -0.15847714777243552 0.0 0.0 0.0 0.0 0.0 0.0 0.0 0.0 0.0
-1.3926078873999221 -0.16964262591826829 -0.6638717790072766 0.18768622041869332 1.0583956034092543 -1.3850578552835517 -0.5696323375727261 0.25527665608229744 1.187227017818889 0.6394405168506054 -0.38621010047998583 -1.0236880802638464 -2.9503291516998127 0.3915857640042657 4.877310518941939 4.195986167104909 4.752540046010728 2.0324314714804945 0.0 0.0 0.0 0.0 0.0 0.0 0.0 0.0 0.0
-1.695093560771052 -1.2959639851391513 -2.03824287879121 -1.872625909108001 1.169500768782363 0.3306665249457926 4.402807361946096 4.391256877609106 2.493789243494737 3.4241564138563425 2.8385460487045537 0.46378024819886315 -1.5844048791881864 -2.560791542833506 -0.5577391402433952 0.8049918808497 1.416776088629431 0.633422526000264 -2.485514376161539 0.0 0.0 0.0 0.0 0.0 0.0 0.0 0.0
-2.0758236019731755 -2.704788561224692 -1.2784503828473635 0.5684053915241228 -2.0885818486965677 0.3011091187636506 -0.5115911115357926 -0.6729034099718397 -0.5220334455702466 -0.3092694510477298 -0.1775023756873962 -0.003035337043095177 -1.2778456679088612 -1.6243057703480652 1.5421543158099347 -0.08475925669323822 1.0703956073838397 0.3645222426895154 0.40643145638479394 0.0 0.0 0.0 0.0 0.0 0.0 0.0 0.0
-2.008159495336779 -1.1083998317433839 0.8513178039744258 1.495484284389534 0.5448789126112846 -1.9619355719933282 -2.12107194467671 -1.3372254944546993 -0.7589873576683293 -0.7668871019758415 -0.4693399919570953 0.16252055136151225 -0.73048429505544 -2.6650331627027852 -0.6615620105521742 0.131404555704021 -0.5411085623603581 3.6094920192297657 1.017509202699284 0.0 0.0 0.0 0.0 0.0 0.0 0.0 0.0
-3.3516605924433467 -1.5269764016939467 0.06760630873013479 -0.6501176603236688 -1.2816432235727662 -4.388612801870813 -4.866753130973394 -4.13092041544875 -2.698537154350688 -2.2917569828337507 -0.8914418895076696 0.5391091150263245 -0.8592808522520724 -0.7640901123146163 -0.20276008067454587 0.05967624900843336 -0.017413129036985654 1.9296068286541828 5.755041848141228 5.721525796369615 0.0 0.0 0.0 0.0 0.0 0.0 0.0
3.154870393321146 1.4342589013279996 0.5057894504381734 -1.1720643476697445 -2.473110677439501 0.2894115375225823 1.2281125631373584 1.029664965795683 -0.08636159412706389 0.06138938614725404 -1.1990946697758387 -2.836612421447726 -1.043965366256587 1.4848718648968704 1.4858384923410133 0.15227251038547174 -0.11607910153476624 -0.04225439623695633 1.1269748273368358 -0.26561160435351255 1.9999665917528957 0.0 0.0 0.0 0.0 0.0 0.0
2.802979543697443 1.6449804437616444 -0.5868732271039283 -1.9327591773140973 2.0232747689834127 1.8905665223592003 1.3388585828355837 0.1328452791548845 -0.786724975689867 -1.656543815180383 -1.9919158165971418 -1.295988777075704 0.758463271813506 1.4080510738552914 0.3599636177977852 0.014330789638785011 0.03820771159099447 0.04594590251098923 -0.08562042533892318 1.0044627009753135 1.2146158670627634 0.2592804772469596 0.0 0.0 0.0 0.0 0.0
0.8682076782563876 1.058193720510377 1.249175510117492 1.3007850647386634 1.5257359864790612 3.1293559410561564 1.2308976173130188 -0.590352822477627 -1.8075500691338293 -2.2946251970012854 -1.7533680358585857 -0.6516924471789468 -0.2823190176897689 -0.16581745429663577 0.3338888195926335 0.02708470854965742 0.002430939312434242 0.02165769341100528 0.028249372877425002 0.11810425322438961 0.17288342413795812 3.082778260958032 3.8007787519535454 0.0 0.0 0.0 0.0
1.3273532502293428 0.6362417696877782 1.7555859880342652 1.6450688385563241 1.0714153779231372 -0.5409977416139982 -1.8647484782312 -1.458766788577672 -0.2652847356008472 -0.07693891770983181 -0.7609348440010048 -1.3772102358342273 -1.2932011881252974 0.02839698152255213 0.372897963879846 0.017736384978009296 0.0025112579078673436 -0.005864519750623193 -0.009918689027413583 -0.025346725662363276 0.19859585497582816 2.1245061660693616 0.901941729463586 0.4791943085008639 0.0 0.0 0.0
0.0 0.0 0.0 0.0 0.0 0.0 0.0 0.0 0.0 0.0 0.0 0.0 0.0 0.0 0.0 0.0 0.0 0.0 0.0 0.0 0.0 0.0 0.0 0.0 0.0 0.0 0.0
0.0 0.0 0.0 0.0 0.0 0.0 0.0 0.0 0.0 0.0 0.0 0.0 0.0 0.0 0.0 0.0 0.0 0.0 0.0 0.0 0.0 0.0 0.0 0.0 0.0 0.0 0.0
0.0 0.0 0.0 0.0 0.0 0.0 0.0 0.0 0.0 0.0 0.0 0.0 0.0 0.0 0.0 0.0 0.0 0.0 0.0 0.0 0.0 0.0 0.0 0.0 0.0 0.0 0.0
0.0 0.0 0.0 -0.873390255768223 0.37179132952767957 -1.8339979974291492 0.2760744598273346 0.6930949649075075 0.5551290265543805 1.3824224236824108 0.6006491765471994 1.5575173543671499 3.7635748880494564 -1.7944420668877203 -1.5954132403361163 0.1636698642359242 -2.8707070589379486 0.0 0.0 0.0 0.0 0.0 0.0 0.0 0.0 0.0 0.0
0.0 -0.25553319160341487 -1.5471501778329508 -3.6810674149486577 -1.0348860956195034 -1.735071328778369 -1.1482250658442477 -1.462262490233699 2.342909917515622 -0.871903826511834 2.0351959991347104 1.5304740177201694 1.1524123223009457 4.614000936164321 -2.3003130947693 -0.3866087832447236 1.025831250720363 -0.16342541710286826 0.0 0.0 0.0 0.0 0.0 0.0 0.0 0.0 0.0
0.5495710863323153 1.9517624287267556 1.876857525644098 0.22902852958549866 -0.2878483534298598 -1.140689191098864 -2.9729043987846375 0.5422627297144151 0.5988416173747966 -1.0911820310200988 -0.43310569926599507 -4.837874347820712 -3.489346332146529 -1.6976147635962213 -0.639208253403115 -1.8996734700689637 -0.8297578817138099 -1.708046167128877 -0.5664535470795086 0.0 0.0 0.0 0.0 0.0 0.0 0.0 0.0
-1.0060776931417004 -0.5732551438087679 1.7259650535100912 0.8201330791507152 -1.1180687399969331 1.4558848213705695 0.3024337232695913 0.06704120773531473 1.7805802244932518 0.3732180669715498 1.1735258624946747 0.007473469881899188 -0.887517575889815 2.1956663584552127 -0.5429219157324396 0.7085367885037069 -0.8553420023468371 -0.04972803317535419 0.07693865589504968 0.0 0.0 0.0 0.0 0.0 0.0 0.0 0.0
-1.686680845146437 1.1647529150244085 1.8403875343665455 -0.13613115750429866 -0.3171545485609336 -1.4317782039234286 -0.7032379291508519 0.6275340970527267 0.5718706757760819 -3.0816954282640685 -3.4130288912256 -1.3760913856883972 0.004984662325823171 1.407514361379494 2.8969295042816645 -0.16870942908813488 0.20064848330544272 -0.7877150541659557 -1.9230510145996187 0.0 0.0 0.0 0.0 0.0 0.0 0.0 0.0
-0.17111085187413422 -0.9669865744360304 0.5283336706420991 5.876684541373845 7.3726641092863145 2.391199997942385 -0.5661500643325111 -1.0483415123078383 -0.5360262359348372 -0.4301541222231771 -0.3821776885833527 -1.1080980643062963 -0.31399590370967273 1.337398169290742 1.9198586756916451 0.0989386377881674 -0.3464393099674666 1.4282134933148443 4.685644092680899 2.872856540355181 0.0 0.0 0.0 0.0 0.0 0.0 0.0
-1.429804571598111 -1.079901402096507 0.12111892756320486 -0.5046533303178017 -2.3350015037146434 -1.8354541006149927 -0.3905909858337954 0.11283225719875224 0.6922366941303953 1.7376867405442251 1.9670063167259801 0.8187511565872471 -1.3007505849192655 -1.2198728605569007 0.07426637809067181 0.02033956569743465 -0.041389894137307426 -0.38225860555484226 -3.179400587910868 -2.6138150503692357 0.0 0.0 0.0 0.0 0.0 0.0 0.0
3.154870393321146 1.4342589013279996 0.5057894504381734 -1.1720643476697445 -2.473110677439501 0.2894115375225823 1.2281125631373584 1.029664965795683 -0.08636159412706389 0.06138938614725404 -1.1990946697758387 -2.836612421447726 -1.043965366256587 1.4848718648968704 1.4858384923410133 0.15227251038547174 -0.11607910153476624 -0.04225439623695633 1.1269748273368358 -0.26561160435351255 1.9999665917528957 0.0 0.0 0.0 0.0 0.0 0.0
2.3608285045889605 6.709154429510943 6.138558916359046 -1.4404479793818319 -5.125470533133171 -0.5723508428336012 2.024036856210268 1.6547499924857456 0.4553444972027486 -1.2911843531695835 -3.5200811599289348 -5.662476841044976 -3.8219988581422935 0.37256684156312364 2.0859520424253035 0.041469914342825785 0.10934498226634652 -0.08589896224937969 0.21277544503011037 0.034006531316606546 -0.33681068178449597 -1.7498052856090403 0.0 0.0 0.0 0.0 0.0
-1.2391967490094156 -2.528210127092429 -2.1194965698170374 3.2967503585684224 -0.7637145828207083 -0.41977393655709966 -0.786532004514087 -0.2774908476184418 0.07892233404082 -0.06399837714042303 -0.4150952161021318 -0.7251982718345452 -0.21364066224926748 0.68221837308064 0.7609858462947404 0.044595249428961405 0.008682796606881881 0.030425631845696507 0.035920982678413926 0.2570946917020007 -4.172557038322236 -2.403363597232413 2.6786783643976855 0.0 0.0 0.0 0.0
0.2687467727095086 -3.2916636261487473 0.1092288800752971 1.4319325348588348 0.7151137960623863 -1.075287882779304 -0.06592501395404517 0.8011797302714437 1.1372529116551517 0.5897094804332506 -0.4678794834940021 -2.184156191766116 -2.2581272036281863 0.049908000444704 0.374638200439404 0.04889526688507702 0.008958276829177395 0.012706237961605103 -0.0006257803811241655 -0.04586684717711944 0.032334062208497084 3.3373860241395064 1.372373524340521 0.5939327558845424 0.0 0.0 0.0
-1.903623155943654 -2.162070145580705 1.4423844137122408 -1.8610062947021 -5.114414213876584 -2.9121416999305176 -1.220546215549882 -0.41931918565203724 -0.2545457526803982 -0.5084701964234141 -1.1387429760696637 -2.0957355447620425 -1.2631064500091742 0.21137545303710636 0.7026484004249085 0.03147561431900973 0.021359709933201687 0.0027717689860136717 -0.001229832200361273 0.042077172269885686 -0.08335616534020797 0.14179729653680778 1.731435834521874 -0.25356847208339217 0.0 0.0 0.0
0.0 0.0 0.0 0.0 0.0 0.0 0.0 0.0 0.0 0.0 0.0 0.0 0.0 0.0 0.0 0.0 0.0 0.0 0.0 0.0 0.0 0.0 0.0 0.0 0.0 0.0 0.0
0.0 0.0 0.0 0.0 0.0 0.0 0.0 0.0 0.0 0.0 0.0 0.0 0.0 0.0 0.0 0.0 0.0 0.0 0.0 0.0 0.0 0.0 0.0 0.0 0.0 0.0 0.0
0.0 0.0 0.0 0.0 0.0 0.0 0.0 0.0 0.0 0.0 0.0 0.0 0.0 0.0 0.0 0.0 0.0 0.0 0.0 0.0 0.0 0.0 0.0 0.0 0.0 0.0 0.0
0.0 0.0 0.0 0.0 -3.2775306331287 -0.42802763276137057 0.22279888500343148 0.4714941555533928 2.0087001216203566 -1.9354534319594847 -1.1829563778693553 1.4537180162813943 -1.337148621358594 -0.38542967658752875 -2.1638840319837116 2.2943443286971563 -0.4285273659169365 1.1439505897659386 0.0 0.0 0.0 0.0 0.0 0.0 0.0 0.0 0.0
0.0 0.0 1.4935844529770497 1.0916946336431488 0.701087223924918 -0.34965774552339024 -4.905180814102282 1.3673144366300922 1.9410426045404292 -2.801488556447176 -0.07602000531098325 -1.1133514740037593 -0.3298079057565338 0.7797174045031087 0.5858091883170606 3.509434028152709 -2.074093701373713 -2.9105986468536122 2.011257680669465 0.0 0.0 0.0 0.0 0.0 0.0 0.0 0.0
0.4545974285005798 -1.076788700176992 3.1956383586844335 -0.39939951742393115 -1.9764908394595833 0.18527608889672237 -3.1835528876208934 -4.136898991764816 -1.3957015171963383 -1.0380794041740031 -0.21528641031917495 -1.6128183586854345 -2.7442701245331538 -0.2405353952716172 -1.6275511437583945 1.2989300581344534 1.343607506933808 1.0326028375124927 2.0493115060470686 1.3131701378154141 0.0 0.0 0.0 0.0 0.0 0.0 0.0
0.6050258088856646 1.316005814986807 -1.5535062030942788 -0.14874090986518831 2.530387526481615 -2.260963225307667 -1.6810741517261936 0.25391480656640913 -0.6034964895986646 2.2057023703804886 1.599948566168139 -0.45766764604543314 -1.9974907331948002 -0.6379610429794008 -0.13371655793787157 -0.6160319451081008 -0.07046812757205899 -4.122985365801589 -1.936968855630889 -0.7121334298411385 0.0 0.0 0.0 0.0 0.0 0.0 0.0
-2.66230487648581 -4.726714037155835 -5.877656225572362 -3.438685353528393 1.7028395430749006 5.28174160136722 2.898250970945668 -1.456653869397861 -2.6028659672853087 -0.4482242789924487 0.33711626823619234 -0.1797365283776245 0.5040716731423841 0.9350042825003722 0.5819657168350164 0.08980583375138722 -0.07783433897962197 -0.349715557975225 2.1214685937008158 1.506274442659912 0.0 0.0 0.0 0.0 0.0 0.0 0.0
0.017945046578176246 -1.6256531447509808 -1.6006713008689404 -1.0616219597232435 5.046283811740774 1.815350817003741 -0.5687664800206536 -1.8186482888837172 -2.5410696066153466 -1.9718279560403245 -1.6218749513534987 -0.6569615693377584 0.4552638104119916 1.5460681373659464 1.854364459990058 0.09082568189953866 -0.02464841002514743 0.0028578740592313 1.6044087179722337 0.6015455661200689 1.1582275980591004 0.0 0.0 0.0 0.0 0.0 0.0
-0.7140381355980562 -0.8184357806430843 -0.290499490166911 -1.029128059180004 -1.9136510378963614 -0.40002212657159786 -1.1198021047260214 -0.8719837439107558 0.03704096906956589 0.3015665256221008 -0.19847544481305804 -1.6161046174607543 -1.4363443534342915 0.03984617407946568 0.34484815016654263 0.035472366674073726 -0.019506090760065688 -0.04838373063013161 -0.04512409240312077 -1.9822925710594148 2.7739200787102845 0.0 0.0 0.0 0.0 0.0 0.0
2.802979543697443 1.6449804437616444 -0.5868732271039283 -1.9327591773140973 2.0232747689834127 1.8905665223592003 1.3388585828355837 0.1328452791548845 -0.786724975689867 -1.656543815180383 -1.9919158165971418 -1.295988777075704 0.758463271813506 1.4080510738552914 0.3599636177977852 0.014330789638785011 0.03820771159099447 0.04594590251098923 -0.08562042533892318 1.0044627009753135 1.2146158670627634 0.2592804772469596 0.0 0.0 0.0 0.0 0.0
-1.2391967490094156 -2.528210127092429 -2.1194965698170374 3.2967503585684224 -0.7637145828207083 -0.41977393655709966 -0.786532004514087 -0.2774908476184418 0.07892233404082 -0.06399837714042303 -0.4150952161021318 -0.7251982718345452 -0.21364066224926748 0.68221837308064 0.7609858462947404 0.044595249428961405 0.008682796606881881 0.030425631845696507 0.035920982678413926 0.2570946917020007 -4.172557038322236 -2.403363597232413 2.6786783643976855 0.0 0.0 0.0 0.0
1.0962047848898016 -0.06202539122983245 1.8809337405406434 2.4962157127638958 -0.6685872057621219 0.05095577971457518 -0.0772640756534721 -0.7910680904758123 -1.068629456506339 -0.5743650312657539 0.3715223959793263 2.0359236056642813 2.7561467384083356 1.0095110204906976 -0.4251450377346397 2.2593185457998248e-05 0.03656755331999509 0.00384582097768736 0.01577324418713701 -0.04643235179510725 -0.0406495874474268 0.1597132071588244 -1.0187677845967182 -2.8728527180174073 0.0 0.0 0.0
-3.5729716705576426 -3.238747871895427 -2.2346412760168786 0.4863720672675484 -1.468933960378333 0.2949994507181604 0.37611881689493404 0.3579472541965193 0.12277344473898766 -0.1893268660313919 -0.35287941884861246 -0.4291936775817495 -0.2467337587777253 -0.22807760962539492 -0.17081697239290874 -0.016665223074768067 0.01899810849595264 0.013929811998201567 -0.01658209962500147 0.05666612524334535 -0.04133356937949902 -0.18643482885843746 -0.13096938670985295 1.5759566080765222 0.0 0.0 0.0
2.2620576263464742 0.14272754302744453 -2.6403126234558885 -1.4248585988634144 -2.1220333180387376 -1.0082149346204865 -0.9207061488032808 -1.075758173041429 -1.1867053161501837 -1.3431792171485892 -1.2816051870223284 -0.9433247961480783 -0.4259728536435858 0.2692588311820281 0.4165402250744264 0.04116110996079409 -0.015925996280112358 0.014805659550127871 0.007107123790796498 -0.015598527745106817 0.016637589817600006 0.017992930382946724 -0.22197997005622577 -0.3744149594972772 0.0 0.0 0.0
0.0 0.0 0.0 0.0 0.0 0.0 0.0 0.0 0.0 0.0 0.0 0.0 0.0 0.0 0.0 0.0 0.0 0.0 0.0 0.0 0.0 0.0 0.0 0.0 0.0 0.0 0.0
0.0 0.0 0.0 0.0 0.0 0.0 0.0 0.0 0.0 0.0 0.0 0.0 0.0 0.0 0.0 0.0 0.0 0.0 0.0 0.0 0.0 0.0 0.0 0.0 0.0 0.0 0.0
0.0 0.0 0.0 0.0 0.0 0.0 0.0 0.0 0.0 0.0 0.0 0.0 0.0 0.0 0.0 0.0 0.0 0.0 0.0 0.0 0.0 0.0 0.0 0.0 0.0 0.0 0.0
0.0 0.0 0.0 0.0 0.0 0.0 0.0 0.49048717975426587 -1.2887261960507643 0.09290204448579574 -0.1321085634325002 -2.9437597416033694 -1.965414825345746 -2.7631478195029233 -2.1210982956848734 -0.9071163174021218 -2.6247600064122754 1.4369660861043085 3.516300499203492 0.0 0.0 0.0 0.0 0.0 0.0 0.0 0.0
0.0 0.0 0.0 0.0 4.103191264947056 2.0630508283655704 1.2673429132563183 -1.7881375910742396 -1.96995559253529 5.459486483048625 0.24255418441916055 0.7731666654716035 1.4171319803627618 -0.20142504249811452 -1.0797162088023906 -1.5401064173512458 0.19600730179196432 2.3833999870505833 -2.2328845077631034 -1.9610579999635849 0.0 0.0 0.0 0.0 0.0 0.0 0.0
0.0 0.0 0.39901114973046486 -0.6670132245487177 -2.85254117941802 -1.2581240330553733 0.5571241870328446 -0.7571258974739576 -0.1783340597384542 0.020910806912287052 -2.3080936057936317 -0.9778315586767939 -0.3481031628567512 -1.9847426500760277 -1.322725233753601 -0.6002494729316792 0.15907226101467742 0.18892307552091814 -1.0970304837932685 0.5650385146687369 0.0 0.0 0.0 0.0 0.0 0.0 0.0
0.0 -4.459520720595475 2.204448254664752 -1.776441616504674 -1.5339334678652767 -2.2811803196491756 0.41380193183242475 1.1593936420546604 1.2801536040435797 4.925588540988536 4.039078274056731 1.7834693183006252 1.268727680003195 -4.482404571411272 0.16201286604995688 0.44977189807538887 -0.6500593311346465 0.41309707234818216 -1.3821897055731147 2.4599337920523228 1.6588390559641255 0.0 0.0 0.0 0.0 0.0 0.0
-0.43260706935273024 0.9637195625947939 0.47196404612393916 -1.7843761564144949 0.8814949482166509 1.9242015579393905 0.682986422285153 -0.055602449094418346 -2.523396903469655 -5.8372069575286805 -5.624293650317387 -3.608013529780039 -1.6260145059147573 -0.5912187073841034 0.18082735066575614 -0.018666047618764732 0.021000498945015784 0.10848030335027098 -0.35783290134573664 2.124893995959562 2.1043996897561943 0.0 0.0 0.0 0.0 0.0 0.0
3.2873155336590756 1.878138200827795 -0.5064297575511078 -2.916367418238684 2.0473377593947206 1.5237543216383709 1.359649470546241 -1.1569544723481504 -2.1382486114662718 -2.5686994565380097 -1.7671458813748355 -0.8807431296078763 -0.20880801477801147 0.4671267702891716 0.08968254997201967 0.010142649855462557 0.01920930494088026 -0.023160489178278364 0.045730285572913774 1.696835855360285 2.281378074572319 0.19253399247411976 0.0 0.0 0.0 0.0 0.0
2.558834120404971 2.514479716641687 2.3667489646524897 4.239880107839386 -1.639556431659893 -3.9344973739887448 -0.2072001509461121 1.9634472608213849 1.0559367394284136 -0.780115188982225 -1.663549861219405 -1.4130264124690242 -1.019499891479866 -0.8060487627861896 -0.6169233600591411 -0.013593754756456727 0.03244105052424327 -0.006767348733107921 -0.0004618215058108982 0.007544876805160259 1.2664213826474133 1.0915464508356605 0.0 0.0 0.0 0.0 0.0
0.8682076782563876 1.058193720510377 1.249175510117492 1.3007850647386634 1.5257359864790612 3.1293559410561564 1.2308976173130188 -0.590352822477627 -1.8075500691338293 -2.2946251970012854 -1.7533680358585857 -0.6516924471789468 -0.2823190176897689 -0.16581745429663577 0.3338888195926335 0.02708470854965742 0.002430939312434242 0.02165769341100528 0.028249372877425002 0.11810425322438961 0.17288342413795812 3.082778260958032 3.8007787519535454 0.0 0.0 0.0 0.0
0.2687467727095086 -3.2916636261487473 0.1092288800752971 1.4319325348588348 0.7151137960623863 -1.075287882779304 -0.06592501395404517 0.8011797302714437 1.1372529116551517 0.5897094804332506 -0.4678794834940021 -2.184156191766116 -2.2581272036281863 0.049908000444704 0.374638200439404 0.04889526688507702 0.008958276829177395 0.012706237961605103 -0.0006257803811241655 -0.04586684717711944 0.032334062208497084 3.3373860241395064 1.372373524340521 0.5939327558845424 0.0 0.0 0.0
-3.5729716705576426 -3.238747871895427 -2.2346412760168786 0.4863720672675484 -1.468933960378333 0.2949994507181604 0.37611881689493404 0.3579472541965193 0.12277344473898766 -0.1893268660313919 -0.35287941884861246 -0.4291936775817495 -0.2467337587777253 -0.22807760962539492 -0.17081697239290874 -0.016665223074768067 0.01899810849595264 0.013929811998201567 -0.01658209962500147 0.05666612524334535 -0.04133356937949902 -0.18643482885843746 -0.13096938670985295 1.5759566080765222 0.0 0.0 0.0
0.3609103850288013 0.8238974032440336 2.353742588393067 2.49422182873065 1.3519466048225264 0.42730550154286195 0.5874687982995614 0.65250639601926 0.7225189465426848 0.5113628422978264 0.012983763701704586 -0.48385792548773143 -0.7538364696879457 -0.31950617508169327 0.14633137030960713 0.02673021202717816 -0.011370407656221618 0.023007921042700493 -0.003317272433252665 -0.021149872807356328 0.03831795042105883 -0.03362301627374673 0.22084009996028076 4.66382891583746 0.0 0.0 0.0
2.269142360855428 -0.47184422958063466 -1.1606177313635753 0.6686968842291471 0.3564869042497555 0.027487267988172786 -0.31045071300185634 -0.6490153174174187 -0.9466641432308558 -0.8279186330941499 -0.7377791416491299 -0.4756929271258035 -0.1577774428398584 0.0991167484418508 0.19254212694617906 -0.006814201208401826 0.01999263889789959 -0.01564019585972134 0.0075200435881653885 0.002605798808032811 -0.010112365848119084 0.01316163242524823 0.03750463806820216 0.21499618849518515 0.0 0.0 0.0
0.0 0.0 0.0 0.0 0.0 0.0 0.0 0.0 0.0 0.0 0.0 0.0 0.0 0.0 0.0 0.0 0.0 0.0 0.0 0.0 0.0 0.0 0.0 0.0 0.0 0.0 0.0
0.0 0.0 0.0 0.0 0.0 0.0 0.0 0.0 0.0 0.0 0.0 0.0 0.0 0.0 0.0 0.0 0.0 0.0 0.0 0.0 0.0 0.0 0.0 0.0 0.0 0.0 0.0
0.0 0.0 0.0 0.0 0.0 0.0 0.0 0.0 0.0 0.0 0.0 0.0 0.0 0.0 0.0 0.0 0.0 0.0 0.0 0.0 0.0 0.0 0.0 0.0 0.0 0.0 0.0
0.0 0.0 0.0 0.0 0.0 0.0 0.0 0.0 0.0 0.34382263461744167 -2.353572983927705 -2.149457483632335 0.198578168273791 1.035538145725227 1.4014023976546863 -1.5783137235190128 1.2152915972988738 -0.015839547253787535 -1.6049428787274251 2.9390741528481823 0.0 0.0 0.0 0.0 0.0 0.0 0.0
0.0 0.0 0.0 0.0 0.0 0.0 0.0 0.0 -4.646016858829059 0.2087367800540694 3.0643642902002974 1.2155267926736066 -0.4829902093373017 0.8173955363255199 1.8202638900149484 3.3031619072490783 -0.5250975465186101 -4.013211922535108 -3.1953058848471483 -2.454802522460139 0.009295523644553907 0.0 0.0 0.0 0.0 0.0 0.0
0.0 0.0 0.0 0.0 0.0 -1.908056499432975 -0.12157469626546095 5.170263363425405 0.7756955172324884 -0.4692774192671754 -0.6314464437963695 0.7749427411128305 0.11162461894474798 -1.88690137966662 -3.3539719962759853 0.09272350952729908 -1.3110906307545946 0.9497006534427663 1.0024911228575988 -0.684535255166586 0.6030231672966389 0.0 0.0 0.0 0.0 0.0 0.0
0.0 0.0 0.0 1.587792900721611 2.827054068150892 2.0038441664729696 1.0986510190748597 1.3315498472694545 4.154999974557614 4.295231565533381 -2.2413866448218798 4.545926402014906 -0.9859177923677145 -1.2717212979446404 -1.8053831935620475 -0.12627559334627278 0.2093352597880857 -0.24400172104147785 0.640675927484278 0.09160890353858994 -2.1388046133510157 -2.6109707776789217 0.0 0.0 0.0 0.0 0.0
0.0 0.0 2.1995918456041017 1.8277571359282692 -0.312844599823088 -0.4615077204259097 1.6754145190839167 1.3019223807623252 -0.32857466630492294 0.6003423911485875 -1.234300214589543 -0.8907201013880902 -0.9483461472690345 -0.6133542648067676 -0.41200534220200336 0.08477406978119001 -0.06461768023369492 -0.009883230440844076 -0.0268100758839726 0.3193868707283889 -0.395614426585869 0.9797746073188889 0.0 0.0 0.0 0.0 0.0
0.0 -0.6377901400888142 -0.9316612159884993 -1.0636937288514525 -2.7142643690798316 -1.2567038442872 2.1527657415685266 1.14675200841305 -3.2732543430618315 -0.41033281075430506 0.05096054580494716 -0.29766252063200727 -0.3796157284932521 -0.1133199971081888 0.6086450491814903 0.016579042392897675 0.004496875342256218 0.015291771048411876 -0.030195938312919737 0.04490008273690398 -0.0025149035125757993 1.3405622876307333 0.0 0.0 0.0 0.0 0.0
1.3972945071614038 0.6707951961171849 0.28410995225307734 -1.115678408264975 4.223632670027849 2.6548757302488077 3.3425425201000754 1.8130950856769141 3.030338092127901 -0.20075582123588712 -0.8430026632718703 -1.7186797548530288 -1.3464064434563427 -0.048972494806140576 0.4140438488254651 0.02976402625243366 -0.012400907910332135 0.013961458150556648 -0.022519060968184935 0.02000169182687548 -0.3213181435963413 -3.0851226788087596 -3.330651852596154 0.0 0.0 0.0 0.0
1.3273532502293428 0.6362417696877782 1.7555859880342652 1.6450688385563241 1.0714153779231372 -0.5409977416139982 -1.8647484782312 -1.458766788577672 -0.2652847356008472 -0.07693891770983181 -0.7609348440010048 -1.3772102358342273 -1.2932011881252974 0.02839698152255213 0.372897963879846 0.017736384978009296 0.0025112579078673436 -0.005864519750623193 -0.009918689027413583 -0.025346725662363276 0.19859585497582816 2.1245061660693616 0.901941729463586 0.4791943085008639 0.0 0.0 0.0
-1.903623155943654 -2.162070145580705 1.4423844137122408 -1.8610062947021 -5.114414213876584 -2.9121416999305176 -1.220546215549882 -0.41931918565203724 -0.2545457526803982 -0.5084701964234141 -1.1387429760696637 -2.0957355447620425 -1.2631064500091742 0.21137545303710636 0.7026484004249085 0.03147561431900973 0.021359709933201687 0.0027717689860136717 -0.001229832200361273 0.042077172269885686 -0.08335616534020797 0.14179729653680778 1.731435834521874 -0.25356847208339217 0.0 0.0 0.0
2.2620576263464742 0.14272754302744453 -2.6403126234558885 -1.4248585988634144 -2.1220333180387376 -1.0082149346204865 -0.9207061488032808 -1.075758173041429 -1.1867053161501837 -1.3431792171485892 -1.2816051870223284 -0.9433247961480783 -0.4259728536435858 0.2692588311820281 0.4165402250744264 0.04116110996079409 -0.015925996280112358 0.014805659550127871 0.007107123790796498 -0.015598527745106817 0.016637589817600006 0.017992930382946724 -0.22197997005622577 -0.3744149594972772 0.0 0.0 0.0
2.269142360855428 -0.47184422958063466 -1.1606177313635753 0.6686968842291471 0.3564869042497555 0.027487267988172786 -0.31045071300185634 -0.6490153174174187 -0.9466641432308558 -0.8279186330941499 -0.7377791416491299 -0.4756929271258035 -0.1577774428398584 0.0991167484418508 0.19254212694617906 -0.006814201208401826 0.01999263889789959 -0.01564019585972134 0.0075200435881653885 0.002605798808032811 -0.010112365848119084 0.01316163242524823 0.03750463806820216 0.21499618849518515 0.0 0.0 0.0
-1.4376887806295788 -2.2394231503228244 0.5320955849254049 1.2382063768596498 0.510236144224585 -0.03706795502699589 -0.43218618953322047 -0.6367580679139415 -0.651288390982692 -0.6496281673375244 -0.5626684997317186 -0.26224487040280137 0.06390584963597844 -0.0307892437822 -0.024634505666222346 0.019584590280979405 -0.01466675451134887 0.007511470700725616 -0.0036777331296934342 0.009907393691777653 -0.0025294124969947704 -0.013192568804579483 0.001830924654768622 0.06603857810299814 0.0 0.0 0.0
0.0 0.0 0.0 0.0 0.0 0.0 0.0 0.0 0.0 0.0 0.0 0.0 0.0 0.0 0.0 0.0 0.0 0.0 0.0 0.0 0.0 0.0 0.0 0.0 0.0 0.0 0.0
0.0 0.0 0.0 0.0 0.0 0.0 0.0 0.0 0.0 0.0 0.0 0.0 0.0 0.0 0.0 0.0 0.0 0.0 0.0 0.0 0.0 0.0 0.0 0.0 0.0 0.0 0.0
0.0 0.0 0.0 0.0 0.0 0.0 0.0 0.0 0.0 0.0 0.0 0.0 0.0 0.0 0.0 0.0 0.0 0.0 0.0 0.0 0.0 0.0 0.0 0.0 0.0 0.0 0.0
0.0 0.0 0.0 0.0 0.0 0.0 0.0 0.0 0.0 0.0 0.0 0.0 0.0 0.0 0.0 0.0 0.0 0.0 0.0 0.0 0.0 0.0 0.0 0.0 0.0 0.0 0.0
0.0 0.0 0.0 0.0 0.0 0.0 0.0 0.0 0.0 0.0 0.0 0.0 0.0 0.0 0.0 0.0 0.0 0.0 0.0 0.0 0.0 0.0 0.0 0.0 0.0 0.0 0.0
0.0 0.0 0.0 0.0 0.0 0.0 0.0 0.0 0.0 0.0 0.0 0.0 0.0 0.0 0.0 0.0 0.0 0.0 0.0 0.0 0.0 0.0 0.0 0.0 0.0 0.0 0.0
0.0 0.0 0.0 0.0 0.0 0.0 0.0 0.0 0.0 0.0 0.0 0.0 0.0 0.0 0.0 0.0 0.0 0.0 0.0 0.0 0.0 0.0 0.0 0.0 0.0 0.0 0.0
0.0 0.0 0.0 0.0 0.0 0.0 0.0 0.0 0.0 0.0 0.0 0.0 0.0 0.0 0.0 0.0 0.0 0.0 0.0 0.0 0.0 0.0 0.0 0.0 0.0 0.0 0.0
0.0 0.0 0.0 0.0 0.0 0.0 0.0 0.0 0.0 0.0 0.0 0.0 0.0 0.0 0.0 0.0 0.0 0.0 0.0 0.0 0.0 0.0 0.0 0.0 0.0 0.0 0.0
0.0 0.0 0.0 0.0 0.0 0.0 0.0 0.0 0.0 0.0 0.0 0.0 0.0 0.0 0.0 0.0 0.0 0.0 0.0 0.0 0.0 0.0 0.0 0.0 0.0 0.0 0.0
0.0 0.0 0.0 0.0 0.0 0.0 0.0 0.0 0.0 0.0 0.0 0.0 0.0 0.0 0.0 0.0 0.0 0.0 0.0 0.0 0.0 0.0 0.0 0.0 0.0 0.0 0.0
0.0 0.0 0.0 0.0 0.0 0.0 0.0 0.0 0.0 0.0 0.0 0.0 0.0 0.0 0.0 0.0 0.0 0.0 0.0 0.0 0.0 0.0 0.0 0.0 0.0 0.0 0.0
0.0 0.0 0.0 0.0 0.0 0.0 0.0 0.0 0.0 0.0 0.0 0.0 0.0 0.0 0.0 0.0 0.0 0.0 0.0 0.0 0.0 0.0 0.0 0.0 0.0 0.0 0.0
0.0 0.0 0.0 0.0 0.0 0.0 0.0 0.0 0.0 0.0 0.0 0.0 0.0 0.0 0.0 0.0 0.0 0.0 0.0 0.0 0.0 0.0 0.0 0.0 0.0 0.0 0.0
0.0 0.0 0.0 0.0 0.0 0.0 0.0 0.0 0.0 0.0 0.0 0.0 0.0 0.0 0.0 0.0 0.0 0.0 0.0 0.0 0.0 0.0 0.0 0.0 0.0 0.0 0.0
0.0 0.0 0.0 0.0 0.0 0.0 0.0 0.0 0.0 0.0 0.0 0.0 0.0 0.0 0.0 0.0 0.0 0.0 0.0 0.0 0.0 0.0 0.0 0.0 0.0 0.0 0.0
0.0 0.0 0.0 0.0 0.0 0.0 0.0 0.0 0.0 0.0 0.0 0.0 0.0 0.0 0.0 0.0 0.0 0.0 0.0 0.0 0.0 0.0 0.0 0.0 0.0 0.0 0.0
0.0 0.0 0.0 0.0 0.0 0.0 0.0 0.0 0.0 0.0 0.0 0.0 0.0 0.0 0.0 0.0 0.0 0.0 0.0 0.0 0.0 0.0 0.0 0.0 0.0 0.0 0.0
0.0 0.0 0.0 0.0 0.0 0.0 0.0 0.0 0.0 0.0 0.0 0.0 0.0 0.0 0.0 0.0 0.0 0.0 0.0 0.0 0.0 0.0 0.0 0.0 0.0 0.0 0.0
0.0 0.0 0.0 0.0 0.0 0.0 0.0 0.0 0.0 0.0 0.0 0.0 0.0 0.0 0.0 0.0 0.0 0.0 0.0 0.0 0.0 0.0 0.0 0.0 0.0 0.0 0.0
0.0 0.0 0.0 0.0 0.0 0.0 0.0 0.0 0.0 0.0 0.0 0.0 0.0 0.0 0.0 0.0 0.0 0.0 0.0 0.0 0.0 0.0 0.0 0.0 0.0 0.0 0.0
0.0 0.0 0.0 0.0 0.0 0.0 0.0 0.0 0.0 0.0 0.0 0.0 0.0 0.0 0.0 0.0 0.0 0.0 0.0 0.0 0.0 0.0 0.0 0.0 0.0 0.0 0.0
0.0 0.0 0.0 0.0 0.0 0.0 0.0 0.0 0.0 0.0 0.0 0.0 0.0 0.0 0.0 0.0 0.0 0.0 0.0 0.0 0.0 0.0 0.0 0.0 0.0 0.0 0.0
0.0 0.0 0.0 0.0 0.0 0.0 0.0 0.0 0.0 0.0 0.0 0.0 0.0 0.0 0.0 0.0 0.0 0.0 0.0 0.0 0.0 0.0 0.0 0.0 0.0 0.0 0.0
0.0 0.0 0.0 0.0 0.0 0.0 0.0 0.0 0.0 0.0 0.0 0.0 0.0 0.0 0.0 0.0 0.0 0.0 0.0 0.0 0.0 0.0 0.0 0.0 0.0 0.0 0.0
0.0 0.0 0.0 0.0 0.0 0.0 0.0 0.0 0.0 0.0 0.0 0.0 0.0 0.0 0.0 0.0 0.0 0.0 0.0 0.0 0.0 0.0 0.0 0.0 0.0 0.0 0.0
0.0 0.0 0.0 0.0 0.0 0.0 0.0 0.0 0.0 0.0 0.0 0.0 0.0 0.0 0.0 0.0 0.0 0.0 0.0 0.0 0.0 0.0 0.0 0.0 0.0 0.0 0.0
0.0 0.0 0.0 0.0 0.0 0.0 0.0 0.0 0.0 0.0 0.0 0.0 0.0 0.0 0.0 0.0 0.0 0.0 0.0 0.0 0.0 0.0 0.0 0.0 0.0 0.0 0.0
0.0 0.0 0.0 0.0 0.0 0.0 0.0 0.0 0.0 0.0 0.0 0.0 0.0 0.0 0.0 0.0 0.0 0.0 0.0 0.0 0.0 0.0 0.0 0.0 0.0 0.0 0.0
0.0 0.0 0.0 0.0 0.0 0.0 0.0 0.0 0.0 0.0 0.0 0.0 0.0 0.0 0.0 0.0 0.0 0.0 0.0 0.0 0.0 0.0 0.0 0.0 0.0 0.0 0.0
0.0 0.0 0.0 0.0 0.0 0.0 0.0 0.0 0.0 0.0 0.0 0.0 0.0 0.0 0.0 0.0 0.0 0.0 0.0 0.0 0.0 0.0 0.0 0.0 0.0 0.0 0.0
0.0 0.0 0.0 0.0 0.0 0.0 0.0 0.0 0.0 0.0 0.0 0.0 0.0 0.0 0.0 0.0 0.0 0.0 0.0 0.0 0.0 0.0 0.0 0.0 0.0 0.0 0.0
0.0 0.0 0.0 0.0 0.0 0.0 0.0 0.0 0.0 0.0 0.0 0.0 0.0 0.0 0.0 0.0 0.0 0.0 0.0 0.0 0.0 0.0 0.0 0.0 0.0 0.0 0.0
0.0 0.0 0.0 0.0 0.0 0.0 0.0 0.0 0.0 0.0 0.0 0.0 0.0 0.0 0.0 0.0 0.0 0.0 0.0 0.0 0.0 0.0 0.0 0.0 0.0 0.0 0.0
0.0 0.0 0.0 0.0 0.0 0.0 0.0 0.0 0.0 0.0 0.0 0.0 0.0 0.0 0.0 0.0 0.0 0.0 0.0 0.0 0.0 0.0 0.0 0.0 0.0 0.0 0.0
0.0 0.0 0.0 0.0 0.0 0.0 0.0 0.0 0.0 0.0 0.0 0.0 0.0 0.0 0.0 0.0 0.0 0.0 0.0 0.0 0.0 0.0 0.0 0.0 0.0 0.0 0.0
0.0 0.0 0.0 0.0 0.0 0.0 0.0 0.0 0.0 0.0 0.0 0.0 0.0 0.0 0.0 0.0 0.0 0.0 0.0 0.0 0.0 0.0 0.0 0.0 0.0 0.0 0.0
0.0 0.0 0.0 0.0 0.0 0.0 0.0 0.0 0.0 0.0 0.0 0.0 0.0 0.0 0.0 0.0 0.0 0.0 0.0 0.0 0.0 0.0 0.0 0.0 0.0 0.0 0.0
0.0 0.0 0.0 0.0 0.0 0.0 0.0 0.0 0.0 0.0 0.0 0.0 0.0 0.0 0.0 0.0 0.0 0.0 0.0 0.0 0.0 0.0 0.0 0.0 0.0 0.0 0.0
0.0 0.0 0.0 0.0 0.0 0.0 0.0 0.0 0.0 0.0 0.0 0.0 0.0 0.0 0.0 0.0 0.0 0.0 0.0 0.0 0.0 0.0 0.0 0.0 0.0 0.0 0.0
0.0 0.0 0.0 0.0 0.0 0.0 0.0 0.0 0.0 0.0 0.0 0.0 0.0 0.0 0.0 0.0 0.0 0.0 0.0 0.0 0.0 0.0 0.0 0.0 0.0 0.0 0.0
0.0 0.0 0.0 0.0 0.0 0.0 0.0 0.0 0.0 0.0 0.0 0.0 0.0 0.0 0.0 0.0 0.0 0.0 0.0 0.0 0.0 0.0 0.0 0.0 0.0 0.0 0.0
0.0 0.0 0.0 0.0 0.0 0.0 0.0 0.0 0.0 0.0 0.0 0.0 0.0 0.0 0.0 0.0 0.0 0.0 0.0 0.0 0.0 0.0 0.0 0.0 0.0 0.0 0.0
0.0 0.0 0.0 0.0 0.0 0.0 0.0 0.0 0.0 0.0 0.0 0.0 0.0 0.0 0.0 0.0 0.0 0.0 0.0 0.0 0.0 0.0 0.0 0.0 0.0 0.0 0.0
0.0 0.0 0.0 0.0 0.0 0.0 0.0 0.0 0.0 0.0 0.0 0.0 0.0 0.0 0.0 0.0 0.0 0.0 0.0 0.0 0.0 0.0 0.0 0.0 0.0 0.0 0.0
0.0 0.0 0.0 0.0 0.0 0.0 0.0 0.0 0.0 0.0 0.0 0.0 0.0 0.0 0.0 0.0 0.0 0.0 0.0 0.0 0.0 0.0 0.0 0.0 0.0 0.0 0.0
0.0 0.0 0.0 0.0 0.0 0.0 0.0 0.0 0.0 0.0 0.0 0.0 0.0 0.0 0.0 0.0 0.0 0.0 0.0 0.0 0.0 0.0 0.0 0.0 0.0 0.0 0.0
0.0 0.0 0.0 0.0 0.0 0.0 0.0 0.0 0.0 0.0 0.0 0.0 0.0 0.0 0.0 0.0 0.0 0.0 0.0 0.0 0.0 0.0 0.0 0.0 0.0 0.0 0.0
#