#UF3 POT
3B 0 3 nk
10.0 5.0 5.0 31 20 19
0.5 0.5 0.5 0.5 0.81499999999999995 1.1300000000000001 1.4025575637437293 1.5854767806552896 1.7383024314125708 1.8799999999999999 2.0216975685874292 2.1745232193447102 2.3574424362562705 2.6299999999999999 3.1564285714285711 3.6828571428571424 4.2092857142857136 4.7357142857142858 5.262142857142857 5.7885714285714283 6.3149999999999995 6.8414285714285707 7.3678571428571429 7.8942857142857141 8.4207142857142863 8.9471428571428575 9.4735714285714288 10 10 10 10
0.5 0.5 0.5 0.5 0.91500000000000004 1.3300000000000001 1.7450000000000001 2.0273902951275051 2.2110502460552803 2.3700000000000001 2.5289497539447199 2.7126097048724955 2.9950000000000001 3.4962499999999999 3.9975000000000001 4.4987500000000002 5 5 5 5
0.5 0.5 0.5 0.5 0.87749999999999995 1.2549999999999999 1.5779947882355112 1.7859416975004274 1.9740583024995724 2.1820052117644884 2.5049999999999999 3.004 3.5030000000000001 4.0019999999999998 4.5010000000000003 5 5 5 5
15 16 27
0.5632801873986011 -1.2205306298460024 -2.4197278144810306 -0.13546058292976093 -2.6217430329064317 -1.7128881782314416 1.4550684845660815 0.06439082816006467 1.0539855159464784 0.0 0.0 0.0 0.0 0.0 0.0 0.0 0.0 0.0 0.0 0.0 0.0 0.0 0.0 0.0 0.0 0.0 0.0
0.5828669033947479 0.43374133092157297 2.3326097912933856 0.9049838070719262 1.6902548726602826 4.56766523278429 1.2088732525671602 0.251460246796928 0.2944543272237096 0.44896135398344805 -1.495372766410496 -0.06879977994249277 0.0 0.0 0.0 0.0 0.0 0.0 0.0 0.0 0.0 0.0 0.0 0.0 0.0 0.0 0.0
2.0651028215708003 -0.6576969346405502 1.1550407534850953 1.556724882739356 2.48046846307282 0.39590381332190705 0.41892438914479424 -0.346842102194231 -1.2494510376673964 2.3715125221509887 0.20637253576428927 -0.4381566591942676 2.0987542629083453 0.0 0.0 0.0 0.0 0.0 0.0 0.0 0.0 0.0 0.0 0.0 0.0 0.0 0.0
-0.9359390823367321 -0.050370201381266744 -1.5847504067296871 -1.595083320979862 -0.5917364162432325 -2.2446191770462214 -0.5215651844737914 0.5442425930134402 -1.783274848249559 -1.106833184209606 -1.5194292026124574 -1.6263037088811354 -2.949834126791316 -2.5158481151846246 0.0 0.0 0.0 0.0 0.0 0.0 0.0 0.0 0.0 0.0 0.0 0.0 0.0
0.8096474249851203 -1.8514527034844668 -0.16991904162526034 -0.6802530365026679 2.6996322445561347 -0.3106980182062031 0.05737890823424911 0.9425688253729827 -0.10488841450208643 -0.16692072360266016 -3.0323729163755537 -3.1667338487379038 1.7125363652157704 -1.1594500709662152 0.0 0.0 0.0 0.0 0.0 0.0 0.0 0.0 0.0 0.0 0.0 0.0 0.0
1.338130735538677 -0.7540318386441264 0.706447517965669 1.3039417298247853 -0.2439793608644633 0.3871523151011199 -1.1015874048294825 -1.8072042534341735 1.4040058442299106 1.6566958032130088 1.4702276534742125 2.128258423389457 0.4006626116428194 1.2263169398420242 1.33748164184467 0.0 0.0 0.0 0.0 0.0 0.0 0.0 0.0 0.0 0.0 0.0 0.0
0.0 1.388649677587549 -3.9475614002422326 0.3981481402968375 -2.5531059201927158 0.9755415990191809 1.0309633688780844 1.150018330267314 0.9054878694498717 0.926591349196447 0.6359504396244066 2.3534103523561436 -3.103495060717746 1.3462270933971086 -0.5152896803961231 0.0 0.0 0.0 0.0 0.0 0.0 0.0 0.0 0.0 0.0 0.0 0.0
0.0 0.0 1.2282688708539096 2.4312193866250453 0.009304846183201454 -0.729286923187918 -0.8800057121921727 -0.5925488569486754 1.1257855284567506 -1.3696307747908971 -3.826121016908083 -0.15170912685090188 -1.4313013688365646 -2.9933690233071166 -0.20781646447133148 0.0 0.0 0.0 0.0 0.0 0.0 0.0 0.0 0.0 0.0 0.0 0.0
0.0 0.0 1.3289987526142497 -3.3258598102375982 2.7773837532122716 -0.3199379897937099 -1.6806177610535702 -1.178717588690993 -0.20214370186502748 -0.014919798610843077 2.286469082638316 0.8681569007261538 1.5220213201453716 -0.8520113214730777 3.816252942052343 -0.5128253484762206 0.0 0.0 0.0 0.0 0.0 0.0 0.0 0.0 0.0 0.0 0.0
0.0 0.0 0.0 -1.1099223138272696 0.07875496580349381 -1.4184110548208706 -2.121944163728646 -0.25656752825035106 1.051337041063399 2.9873420626454936 1.4847769558141055 0.5503930843177917 3.4751161331605775 2.3252527458577323 -0.7015248428291975 -0.9372704943124621 0.3893433049428404 0.0 0.0 0.0 0.0 0.0 0.0 0.0 0.0 0.0 0.0
0.0 0.0 0.0 0.0 -1.1630918143146904 3.724053598501758 -0.1850801056622807 -1.5761092775149166 0.18933843872197428 -0.28884448268540075 -1.9390728432728688 -0.04061865977389839 -3.6858912146748932 -2.547380616044905 -1.229837411175881 3.5858028137460565 1.6067780497706465 2.51882156322412 0.0 0.0 0.0 0.0 0.0 0.0 0.0 0.0 0.0
0.0 0.0 0.0 0.0 0.0 2.4412639992452236 2.3868420833381303 1.3740724951169225 0.3620650009647779 -1.0272624043664145 -0.7525175004776109 -0.4424244797419899 -1.084477048928338 -0.6588936739412199 -0.599315559963108 -0.16005465434186522 -1.1838347482773413 -1.1309131624000905 -1.7262029060930664 0.0 0.0 0.0 0.0 0.0 0.0 0.0 0.0
0.0 0.0 0.0 0.0 0.0 0.0 0.0 0.22390988198708628 -1.4324931085051333 1.6476041825775305 2.8883722515651162 2.010387948641704 0.7258066573864683 2.7472260800611066 -0.054751724179560715 0.8064317024327697 -1.7674129894830592 -0.958743681033072 -2.00493330485714 0.09079472225974489 0.0 0.0 0.0 0.0 0.0 0.0 0.0
0.0 0.0 0.0 0.0 0.0 0.0 0.0 0.0 0.0 0.0 0.0 0.0 0.0 0.0 0.0 0.0 0.0 0.0 0.0 0.0 0.0 0.0 0.0 0.0 0.0 0.0 0.0
0.0 0.0 0.0 0.0 0.0 0.0 0.0 0.0 0.0 0.0 0.0 0.0 0.0 0.0 0.0 0.0 0.0 0.0 0.0 0.0 0.0 0.0 0.0 0.0 0.0 0.0 0.0
0.0 0.0 0.0 0.0 0.0 0.0 0.0 0.0 0.0 0.0 0.0 0.0 0.0 0.0 0.0 0.0 0.0 0.0 0.0 0.0 0.0 0.0 0.0 0.0 0.0 0.0 0.0
-2.1956452784505647 -1.1278159736679463 -1.092324001312336 -2.1651888311255116 -3.1075874194843944 -2.3722243148214566 0.6995743875724486 0.925954134488072 -0.4856585337151149 -0.7014195931618722 2.4051334473796033 0.0 0.0 0.0 0.0 0.0 0.0 0.0 0.0 0.0 0.0 0.0 0.0 0.0 0.0 0.0 0.0
1.469394995166151 0.4568020494601554 0.4031577728862466 0.5361965436922871 0.7104263919555143 -0.9375024650820193 -0.3735240157741822 -0.6553799651926092 -2.530224786807143 -1.41802987910487 -0.8437315836787957 2.612739198936401 -0.1097024250990777 0.0 0.0 0.0 0.0 0.0 0.0 0.0 0.0 0.0 0.0 0.0 0.0 0.0 0.0
0.5661280017830232 1.337529600190775 4.071688083223212 -0.15002855549240085 0.89906288914287 1.7043976781788777 1.8230177175858475 1.9418009547062798 1.285489000733007 2.706580437335282 2.730576838276067 2.1896948505226956 0.39930283059062016 1.4471851032979115 0.0 0.0 0.0 0.0 0.0 0.0 0.0 0.0 0.0 0.0 0.0 0.0 0.0
0.05817262999424902 -0.788800672114884 -0.12834596341062268 0.16182198588186322 -0.7114961713551884 -0.5584810859036433 1.01328262392183 3.1263901966401515 0.3046176366888597 -1.6684284877677462 -2.306212624449461 -0.7630623120290937 -1.5124499887030718 -0.819873825952915 0.03548443769534939 0.0 0.0 0.0 0.0 0.0 0.0 0.0 0.0 0.0 0.0 0.0 0.0
1.6372376986815338 -1.9954466874885712 0.4842687856773329 1.9631256678628912 1.0690930866899024 0.4031507973464508 -1.026084003177793 -1.7895919880171927 -2.377712309846679 -1.3564142838479083 -2.0881533739179328 -2.544518537682146 -2.490918422366415 -1.6456438442739554 -1.2143318249198443 0.0 0.0 0.0 0.0 0.0 0.0 0.0 0.0 0.0 0.0 0.0 0.0
0.3213495223174192 -0.9478878203851937 2.2520838029667565 -0.6174174922322767 0.6140735345655097 -0.8669122935686276 -0.729830029079887 -0.01526475899553779 1.3970492458716246 2.0893961159242322 0.3105655665076803 -0.7340306729426788 -2.025662636628923 -5.489413370913485 -2.3963042800138563 0.0 0.0 0.0 0.0 0.0 0.0 0.0 0.0 0.0 0.0 0.0 0.0
-0.4705617296500682 -1.3909997991222043 -2.0245684677301705 -0.808148615099896 -0.21966383898385766 -0.5017057877172509 -0.1170132216156951 2.4780116634601748 2.26021693232994 2.7286519642944365 2.8691332812224477 -0.296046728702185 0.6546079152498281 2.2054942628846708 1.3523666149111777 -2.4062993603753497 0.0 0.0 0.0 0.0 0.0 0.0 0.0 0.0 0.0 0.0 0.0
-3.2711640159792266 -3.7467070174422377 -1.1095380444505512 -0.7087229627608077 0.7945432403950726 0.2900510942901514 -1.5054256181156007 1.0748096414066077 2.730582846778752 1.9084562424067368 3.20763400191772 1.7695191343207317 1.2411428949026448 1.1084088499947071 0.293676099708965 0.5313352830478267 0.0 0.0 0.0 0.0 0.0 0.0 0.0 0.0 0.0 0.0 0.0
0.0 -1.6125268461577253 -1.7311245995092535 0.6949026107809941 0.01922808532637187 -0.708391231425053 -1.1884772955032206 -4.164107183076421 -2.4884679728606836 1.2663443956522904 1.0945663007697521 1.6454449692831383 0.5878372608348436 -0.12863554301018942 2.3891411397633124 -0.34294192501226733 -0.09515982798423156 0.0 0.0 0.0 0.0 0.0 0.0 0.0 0.0 0.0 0.0
0.0 1.2962609122672422 0.16094594273648535 -0.19189765125897393 -0.46716061502240613 -0.8229537707107479 -0.8316949895571547 -2.497935833473845 1.2582198315188913 3.4159536965196438 0.4335938705083649 1.1702154012963017 0.18933047896464233 1.22293619822428 1.368647060228293 -0.514457791488355 -2.6153034055981244 -2.095043136258505 0.0 0.0 0.0 0.0 0.0 0.0 0.0 0.0 0.0
0.0 0.0 -2.5928774023479515 -1.2592919757760128 -0.13513754373915493 0.2352999178757687 2.3378044751857905 -0.15623109472116423 -3.3832016134499177 -0.03199149371186785 0.49275521855651666 0.8069704023133494 2.3215233577439194 1.5061002266828005 -1.1089784334343913 -2.0450300757587803 -1.87665283724163 -0.7092898169110996 0.0 0.0 0.0 0.0 0.0 0.0 0.0 0.0 0.0
0.0 0.0 0.0 -0.34352229680890367 2.152533820529282 0.4575898682808482 -3.8830277473784296 -2.1042638330528147 1.0515974442413616 3.6638627335800784 1.7277741004714768 1.1164560085037087 -0.07723179548772081 3.27490618379529 3.495050826762164 1.875811512576907 -2.049742289028216 -0.19520070449667679 2.2053390191592173 0.0 0.0 0.0 0.0 0.0 0.0 0.0 0.0
0.0 0.0 0.0 0.0 0.0 0.7416657077430346 -1.7068994946927736 0.40678827876373896 0.9938685487672241 0.1741300854133758 0.29879101221311005 1.6703151637695886 2.6623998999077942 3.026312740709482 1.3240751717783505 1.4249116403178201 1.8003610391206635 1.674128180141776 -1.3830751215725148 -1.5879921526656253 0.0 0.0 0.0 0.0 0.0 0.0 0.0
0.0 0.0 0.0 0.0 0.0 0.0 0.0 0.0 0.0 0.0 0.0 0.0 0.0 0.0 0.0 0.0 0.0 0.0 0.0 0.0 0.0 0.0 0.0 0.0 0.0 0.0 0.0
0.0 0.0 0.0 0.0 0.0 0.0 0.0 0.0 0.0 0.0 0.0 0.0 0.0 0.0 0.0 0.0 0.0 0.0 0.0 0.0 0.0 0.0 0.0 0.0 0.0 0.0 0.0
0.0 0.0 0.0 0.0 0.0 0.0 0.0 0.0 0.0 0.0 0.0 0.0 0.0 0.0 0.0 0.0 0.0 0.0 0.0 0.0 0.0 0.0 0.0 0.0 0.0 0.0 0.0
1.0119310141878535 -0.43598469037836757 -0.7763533952925115 -2.709477873512699 -0.5939604683471629 -1.0820480492785147 0.31010363087154313 0.367487002052382 1.8512347236152393 -1.9646520725716163 0.6079126471210614 1.1303449263628234 1.4499647398404711 0.0 0.0 0.0 0.0 0.0 0.0 0.0 0.0 0.0 0.0 0.0 0.0 0.0 0.0
1.7141140975351412 1.5094813259476352 0.13166496247003628 -1.7816197432635819 -3.4803889397185377 -2.7354653405491822 -0.7449507441710932 0.756072566739482 0.030360953816302213 -1.1028210856428038 -2.0554238237911115 -0.30608082412439025 -1.3819172106698052 1.2114203037263496 0.0 0.0 0.0 0.0 0.0 0.0 0.0 0.0 0.0 0.0 0.0 0.0 0.0
2.5894751945672723 0.37858715241551427 1.8078912550737405 0.34748064280320184 1.8067373847888655 0.9791313269391562 0.16700546609362885 -2.1128371073503516 0.9478551539188905 0.011903813984596178 0.2110323626088558 -2.391929383238637 -2.4495820869895915 -0.9557850911647295 -0.8621683093257986 0.0 0.0 0.0 0.0 0.0 0.0 0.0 0.0 0.0 0.0 0.0 0.0
-0.12998582023244543 0.9440613591736415 0.5822650690252346 0.3208059308597981 -0.061816315554554094 0.03085445001931939 -0.12868138777488844 -0.5075980548602079 -0.7520568181970848 3.865006613628618 1.7557092692990848 -1.4526054229485965 -5.599846534006781 -5.953100849450542 -1.0165785730250152 0.0 0.0 0.0 0.0 0.0 0.0 0.0 0.0 0.0 0.0 0.0 0.0
-1.972990186942246 -2.442505935275908 -2.0114869179978694 -0.42789565512739003 -2.415872348207802 0.41425964822167705 1.3014071638717917 1.5936574957914134 1.1716841825150517 0.5046441787670528 2.4778212077612327 -1.6744998106145703 -1.35676691397511 0.4571341166677457 -1.045490774900133 1.8634780215959927 0.0 0.0 0.0 0.0 0.0 0.0 0.0 0.0 0.0 0.0 0.0
1.90246047534394 -0.42645947920903204 1.20255128200026 -1.2132049087304735 -2.744270919875969 0.3281813576233751 -3.004599727267848 -0.47447575344087134 1.552832677130538 2.6996679089220734 0.8940024542343549 1.3839745280647273 1.333538230954856 -1.332741800113771 0.5695597959381088 -1.8762537032494784 0.0 0.0 0.0 0.0 0.0 0.0 0.0 0.0 0.0 0.0 0.0
-3.160753093488439 -2.535520359204473 1.6188027630030746 0.7852408501457125 -0.2509468587871941 4.104188680594696 3.1598303285736 1.8984615404129954 0.9661398642863593 -1.3811972147071625 0.48386798861376806 -0.09294723624473808 -1.5898896203790838 -0.9467563774243064 -1.80161735693323 -0.5898988882483256 0.0 0.0 0.0 0.0 0.0 0.0 0.0 0.0 0.0 0.0 0.0
-0.0896015420984116 -1.7600655978584614 -0.023436506159276598 0.10125331606393792 0.615716138348799 -0.004085901850804464 -1.2094699863197 -0.06000145559956588 -2.201802701858227 0.4536268646602868 -0.8193869908103132 -0.03289722772071508 -0.8254839310964869 0.31868834208273206 -0.31291176404241205 -1.9418638091966993 -0.8864099725892352 0.0 0.0 0.0 0.0 0.0 0.0 0.0 0.0 0.0 0.0
-1.3423625666788606 -1.8550803355965702 0.7204697478577748 -0.9415623420541798 1.344707536027073 -0.6144315700535484 -0.18704099138451805 -0.07887957661405394 0.9721036680405734 2.9615666705164947 1.830916176145283 0.014320396359425199 1.000620571701769 1.396388276344228 2.3919852309898375 3.32527965234894 1.0646599291078072 0.0 0.0 0.0 0.0 0.0 0.0 0.0 0.0 0.0 0.0
0.5391751378204079 1.3620120501368376 3.1042323958416085 -1.762916394070685 -0.5156816132370471 -2.4458717274813546 1.5505658965346774 0.2224935404040524 -0.9567321907274878 -1.5560561947798879 -0.25610817727215157 -0.33180438753600056 0.49997977727804865 -3.673678776594144 0.06408468751050808 -1.5380627879487303 -0.5912526447528007 0.1863194484903842 0.0 0.0 0.0 0.0 0.0 0.0 0.0 0.0 0.0
0.0 -0.07497273616940643 1.4106179154445102 1.9038912468542817 -0.023417252611239548 -1.1220858294150227 -2.3367917628232244 -3.790937506688149 0.23589286080338995 -0.4189023162983507 -1.9888044128416196 1.1399478039273572 2.8630639350521037 -1.4872148513654957 1.1987922142787821 -1.0421089202876048 0.033053314577598386 0.29370715288127264 -0.11781724028863115 0.0 0.0 0.0 0.0 0.0 0.0 0.0 0.0
0.0 0.0 -1.0609082325324488 1.2164343829800153 1.1743245264054387 1.5796068296781554 -1.237486323584699 0.4635141133285631 -4.042411772160993 -4.340345635968749 -2.469220648624158 -2.277735502905468 -1.1870679137165643 0.9205777159612382 0.18330883283217886 0.5709922352810471 -0.09328577298269948 -0.07138938061222544 2.2868291617596594 2.2220031303561227 0.0 0.0 0.0 0.0 0.0 0.0 0.0
0.0 0.0 0.0 0.30220935719670605 0.23051760591659723 1.7897736754194669 0.6584945669173722 2.669369862026075 -0.169377945185523 -0.9729345175634682 0.2796433352533009 -0.8919386845586129 -2.704382317062766 0.03701640293128541 -1.1750817294777804 0.21492265449917083 0.045078726565333696 0.4491825591918097 -2.402828097395769 -0.7703808627356084 0.48245307123963144 0.0 0.0 0.0 0.0 0.0 0.0
0.0 0.0 0.0 0.0 0.0 0.0 0.0 0.0 0.0 0.0 0.0 0.0 0.0 0.0 0.0 0.0 0.0 0.0 0.0 0.0 0.0 0.0 0.0 0.0 0.0 0.0 0.0
0.0 0.0 0.0 0.0 0.0 0.0 0.0 0.0 0.0 0.0 0.0 0.0 0.0 0.0 0.0 0.0 0.0 0.0 0.0 0.0 0.0 0.0 0.0 0.0 0.0 0.0 0.0
0.0 0.0 0.0 0.0 0.0 0.0 0.0 0.0 0.0 0.0 0.0 0.0 0.0 0.0 0.0 0.0 0.0 0.0 0.0 0.0 0.0 0.0 0.0 0.0 0.0 0.0 0.0
1.751175325310298 2.5269524898642968 2.531210047503375 1.3053568282984518 0.5454876209597738 -0.6154774258512258 -2.2094168586368936 -1.9919314418157021 -1.4938043678188795 -0.8436698871616677 -1.0491583026738889 -0.29663306297785386 -0.47165262052862245 -0.33870867102691465 0.0 0.0 0.0 0.0 0.0 0.0 0.0 0.0 0.0 0.0 0.0 0.0 0.0
-1.3364864270836654 0.7125255725473416 1.041236104595268 0.040178048428785695 -0.07538224937142077 2.6926348130538758 1.35021023274547 2.571536344384547 -0.15389748659988745 -1.5017310662473695 -4.1501709077665305 -2.382624301972821 -3.048850167282141 -1.9535381851929128 0.0 0.0 0.0 0.0 0.0 0.0 0.0 0.0 0.0 0.0 0.0 0.0 0.0
-1.605708175005481 -1.1970256379661175 -0.6897034141063344 -0.36164209280209264 0.31724439666112997 -1.0563460698974247 -2.121054192120875 -2.0851750971683822 0.7860370528393865 0.7952247426762189 0.5725121515469404 0.9582546197707709 -0.054346031468832295 0.20422664066487792 -1.3402196860518574 0.0 0.0 0.0 0.0 0.0 0.0 0.0 0.0 0.0 0.0 0.0 0.0
-1.970989441972754 -2.410094108684735 -1.4112912364589152 0.5559084390284943 0.208896101142817 2.8944080660507474 0.5766758969139518 1.0754785077025477 -0.13994634831036654 1.9010063142474767 -0.18276179924545685 -0.39707400711666163 -1.3693532500419894 -0.5744435175842514 0.9833223332778824 0.7420438497792478 0.0 0.0 0.0 0.0 0.0 0.0 0.0 0.0 0.0 0.0 0.0
0.9912971615101595 0.28222338059252133 1.0217974422936766 -0.6424437398463045 0.5377470586855186 0.33185480536038225 0.1353687462190135 0.9835080074902275 0.640646065607211 -0.09582218211087397 -1.9442539579367148 -0.9906533935999992 1.260614757991696 2.8935107503114907 2.4843255072910453 -0.06263694671325538 0.0 0.0 0.0 0.0 0.0 0.0 0.0 0.0 0.0 0.0 0.0
-0.8031307353769443 -1.5017675352261473 -0.6600209570493938 -1.0695215247885785 1.4532380258652966 1.4484703711566629 2.2294347331526554 0.39553293482086654 -1.1346900478287882 -0.5187918748320979 -0.7863241608221789 -1.265764016261107 -1.7714227953179096 0.4140793723272659 -1.345276701515716 -1.8666808527203533 0.0 0.0 0.0 0.0 0.0 0.0 0.0 0.0 0.0 0.0 0.0
-1.2457540500116946 -0.5156981743445045 0.08622844841949263 1.5193333447798436 -0.9317964335015396 -0.6470474761965037 -2.3933798029339655 0.9660585836776143 3.2487664112310246 3.5178617973667037 1.5798581933332592 0.2537843073623174 1.4369080252258721 0.14970886929408964 -1.4992400266735533 -1.0259586986066986 -0.941301853067381 0.0 0.0 0.0 0.0 0.0 0.0 0.0 0.0 0.0 0.0
0.24379333033391873 -0.6655078008738542 -2.1820353907588834 -1.673475621912141 1.690845402182219 2.2611807077849284 2.400042500358383 1.3174700847317804 1.6042776922604403 0.6519703346282998 2.1024825788242043 3.0483833879653828 1.0733311594002195 0.9809363888023088 -0.004511128228665352 -1.6893318349270592 -3.1860216492623588 0.0 0.0 0.0 0.0 0.0 0.0 0.0 0.0 0.0 0.0
-0.8759222065465757 0.9013141210459069 1.6319086368936975 -0.6542176597356969 -0.6486278709490831 -0.9459189171520405 -2.010143842236559 0.2259453530753949 2.2745929751064407 2.5342532642962734 2.175291243506137 -0.39514975802569363 -1.5437767290035638 -0.6470461587511472 1.1672404509609007 1.8613299749507655 -0.5764155958073177 -1.999705145109419 0.0 0.0 0.0 0.0 0.0 0.0 0.0 0.0 0.0
-1.448078724695637 -1.3143934012237692 0.5092473137053448 1.8963049104148006 0.7495962911425558 -0.3372434122930904 -0.6037214584050951 -0.30312850035443073 1.1104500180319246 2.9559016450388547 3.971826299508712 3.817186736391675 -1.4740835808743127 -2.2248782509209732 -0.6801769048355589 -0.1477568335811461 0.8915951016888335 1.1012541836209566 0.6687208295893302 0.0 0.0 0.0 0.0 0.0 0.0 0.0 0.0
-1.0260696161308283 -3.6781309936036553 -2.0230484034024774 -0.14271492918843215 0.2655615787112565 1.4112983380374675 -1.7507898318726938 -2.016370080419593 -1.526427035873783 -0.8233810975707639 0.8088480215806704 1.1755192796375404 1.0586990669911414 1.734075919688496 0.8265959506219821 -0.625718896518521 0.44994297214584456 0.81286839717121 -0.843441360850114 0.0 0.0 0.0 0.0 0.0 0.0 0.0 0.0
0.0 -0.054642960431650706 -1.3096612886345407 -1.6760175887707207 -0.8944437325835941 -0.7533910929662463 -1.4400642990711146 -1.2262160812700267 -0.12414040229141264 0.06027218559371083 -0.2657912255905954 0.9734324448774032 0.06407424636880502 -1.3186865165463442 -0.308523968749232 -0.03565082164793294 -0.07982173585136058 -2.113118496013612 -0.3038691464394343 0.978582090883849 0.0 0.0 0.0 0.0 0.0 0.0 0.0
0.0 0.0 1.4977376613736195 0.9993364263282813 1.641820211433189 -1.0554936912716448 -3.2356778622875955 -2.3822909170119337 -1.938273868869069 -2.234253887086124 -0.7326107295959378 -0.32294517799541145 -0.544846882330471 -0.7339028583175172 -0.3042466709188384 -0.01194800470921403 -0.10099099001476096 0.05350034998240518 0.6943835430900307 1.0967987579709015 0.5979318660589265 0.0 0.0 0.0 0.0 0.0 0.0
0.0 0.0 0.0 0.0 0.0 0.0 0.0 0.0 0.0 0.0 0.0 0.0 0.0 0.0 0.0 0.0 0.0 0.0 0.0 0.0 0.0 0.0 0.0 0.0 0.0 0.0 0.0
0.0 0.0 0.0 0.0 0.0 0.0 0.0 0.0 0.0 0.0 0.0 0.0 0.0 0.0 0.0 0.0 0.0 0.0 0.0 0.0 0.0 0.0 0.0 0.0 0.0 0.0 0.0
0.0 0.0 0.0 0.0 0.0 0.0 0.0 0.0 0.0 0.0 0.0 0.0 0.0 0.0 0.0 0.0 0.0 0.0 0.0 0.0 0.0 0.0 0.0 0.0 0.0 0.0 0.0
-1.293604246005187 -0.2667116653770772 2.3260718379803618 -1.3030456823825614 -2.6131609511624663 -3.099392702850245 0.443717127662909 0.4782659900718584 -1.3533467699864055 -3.1339387854997565 -0.03194313733974418 -2.3804717364545502 -1.2193548373269811 -1.0285128117367457 0.0 0.0 0.0 0.0 0.0 0.0 0.0 0.0 0.0 0.0 0.0 0.0 0.0
0.6250730365648688 1.577705038214922 1.0061411890312513 0.39699179049619066 0.16702329907815333 -0.5696766789008527 -0.7755488405655069 -0.8823392714335322 -0.9654888809133733 -0.3041411209711431 -1.7171108481710697 -2.2373540369431355 -1.4998877428112969 -2.2911659941606013 1.8823752559418607 0.0 0.0 0.0 0.0 0.0 0.0 0.0 0.0 0.0 0.0 0.0 0.0
4.649217672884487 2.340241342753773 3.8405527909121657 2.610918394899909 3.2110856496479734 1.9773441416519835 1.1079130920529037 -1.4401721303209958 0.40329813914496937 0.13962351754656566 0.5075325116451431 -0.9341365650950216 0.6221575169504119 1.0420737456366047 -1.0919039766873986 -0.15222176749694247 0.0 0.0 0.0 0.0 0.0 0.0 0.0 0.0 0.0 0.0 0.0
2.494186279624215 3.272043015868606 2.81960623089582 0.5562525101224894 -0.9002434094859261 1.2727169662130267 0.7029976828950801 0.35990420556751773 3.45662680736103 1.3017532565204488 1.5957773090282594 -0.9660320164808894 -1.2454489982204322 4.22891679438791 1.2286685695344002 -1.6565756136933079 0.0 0.0 0.0 0.0 0.0 0.0 0.0 0.0 0.0 0.0 0.0
-1.8478811452256396 2.4717232171583854 0.9688118895247484 0.05488063273100085 1.750812874996733 0.3658388855074563 -1.2196114295061473 -0.6980804871230456 -0.39912158338951215 -2.0684148021251354 -0.3260101455055993 -0.10899825569496527 -2.8608297238718077 -0.9456972751968117 -0.10497970099707805 -1.635825235171535 0.0 0.0 0.0 0.0 0.0 0.0 0.0 0.0 0.0 0.0 0.0
1.4112740165125963 0.6839736253551322 -1.5292767406311225 0.7316464989870015 -1.4690814336400928 1.6535159102164265 -0.47650532545739244 -1.459171981323117 -0.25820709806096653 1.1740360580769345 0.22368413632016196 -0.0017651747466140351 1.47923661479732 0.23435750232105948 -0.8871478203391412 -0.8631348091889637 1.1979096334649753 0.0 0.0 0.0 0.0 0.0 0.0 0.0 0.0 0.0 0.0
-1.5091346729972874 -1.662868617849524 2.682685275339248 3.260747819561315 4.205392713650271 0.054317103556521425 -1.4292843323497157 -1.2072165010939202 0.16164869424621992 -0.019679400555429417 0.8065107461565222 0.34798728409880325 0.37869061752896793 0.5432913165163035 1.484989556347547 2.690485997933361 -0.09027653667668832 0.0 0.0 0.0 0.0 0.0 0.0 0.0 0.0 0.0 0.0
-1.637436200192576 -0.3066598172019782 0.06615306981483722 -0.4199077403198718 -1.757412645046921 -0.18821026398644028 2.9881390778350077 3.9951762449339787 2.542320905870555 0.08406023435175525 -1.694033723653715 -1.5863094875463606 0.2871625447837724 1.147530054345361 0.3719824346600398 1.009289068934543 1.203638534034055 0.0 0.0 0.0 0.0 0.0 0.0 0.0 0.0 0.0 0.0
1.64030580003077 1.468409521386401 1.2692903766415449 -0.17507947393444345 1.1476703472094423 0.19030491948956157 1.0388703156869843 0.9405274405849878 0.5856382364923928 0.6002678892368418 0.9400943600913039 1.2764615752279123 0.6493363566974274 -0.49371891140113283 -0.6967433258190693 1.248171043843853 0.9764326825462138 1.3340193086036223 0.0 0.0 0.0 0.0 0.0 0.0 0.0 0.0 0.0
0.8231356660466866 1.0110277264679663 0.7496389065875929 0.640193777948401 -0.10713178755804116 0.4957273138267963 -0.6333760321332219 -1.1206164948192034 -0.27187903067269975 1.469883564206225 2.6714061700180394 3.055153386379163 1.218375408088308 -0.5796101625809851 -0.546156527539669 0.3238389370698032 -0.6331993683964026 -1.8661738431675747 -0.8998084920136314 0.0 0.0 0.0 0.0 0.0 0.0 0.0 0.0
-2.185162596552995 -1.86781696591196 -1.5489992209760537 -1.430864477969502 0.4105232612027596 -1.109557343836795 -1.0959413521533188 -1.1424623080927345 -0.3435621904540564 0.6542475031383069 1.8153884625603829 2.493836818870435 1.590398919034789 0.8635502404522177 0.16149496224606108 0.053150283461939396 -0.19172355511951586 0.8576033566341095 0.41355517053909585 0.9156598654596647 0.0 0.0 0.0 0.0 0.0 0.0 0.0
-0.09482880342799142 -2.0399947419371536 -2.2299266856236906 -2.17046001309717 -3.2038103656939962 -1.8123023580129534 1.3747857729130293 1.6122234466122354 0.9479044444969844 1.5681577394504889 1.5481016648033907 0.38576759579293585 0.23300634276063556 0.5323616380813292 0.31999555668996 -0.017070182931518726 0.046099988831581666 -0.39906589440662105 0.35400497603873265 -0.3534124805600318 -0.7102279439627202 0.0 0.0 0.0 0.0 0.0 0.0
0.0 -1.6755367148113807 -0.12659598590971602 0.6782808757637744 1.4678410289197847 1.5410951114339801 3.839897147005585 3.4621222980230697 2.890311438234535 3.0970992529422325 2.1385444113977696 1.3654659858091833 0.7951184642019599 0.5883309137319912 0.05958045923861747 0.029037261626148673 0.02404678309774005 0.0527119865923204 -0.07037249098847631 -0.2982021574757428 -0.561902715034972 -1.4277063885136874 0.0 0.0 0.0 0.0 0.0
0.0 0.0 0.0 0.0 0.0 0.0 0.0 0.0 0.0 0.0 0.0 0.0 0.0 0.0 0.0 0.0 0.0 0.0 0.0 0.0 0.0 0.0 0.0 0.0 0.0 0.0 0.0
0.0 0.0 0.0 0.0 0.0 0.0 0.0 0.0 0.0 0.0 0.0 0.0 0.0 0.0 0.0 0.0 0.0 0.0 0.0 0.0 0.0 0.0 0.0 0.0 0.0 0.0 0.0
0.0 0.0 0.0 0.0 0.0 0.0 0.0 0.0 0.0 0.0 0.0 0.0 0.0 0.0 0.0 0.0 0.0 0.0 0.0 0.0 0.0 0.0 0.0 0.0 0.0 0.0 0.0
-0.5326367158609246 0.9201180255357958 0.559697539516665 0.17820794115866875 0.33396252873966736 0.6509264723695387 -0.8161711733634931 -0.0644011290514364 -0.19246354601664267 0.43901828061858444 -0.45214407846192817 0.29456467685301313 -0.02802991262567137 -0.3820872800595303 0.0 0.0 0.0 0.0 0.0 0.0 0.0 0.0 0.0 0.0 0.0 0.0 0.0
-0.3209053227518682 0.5615048560203263 1.162873315623938 0.5396096431459307 0.0944290927400215 -0.26539277162063646 0.1980311879414146 0.14029090926308527 1.218668658985502 0.9487037833334856 -0.01749375595853577 -0.12708242300437156 -1.286762929226534 -0.025181674531098677 0.6284902924817077 0.0 0.0 0.0 0.0 0.0 0.0 0.0 0.0 0.0 0.0 0.0 0.0
-0.290823001644249 -2.4006063127992743 -1.4338006425085177 -0.9394375637315168 -2.0367507670924665 -0.7892140874592135 -0.20687937238706586 2.08201058107699 1.0910897445429897 0.07913152919047284 0.09230972817635645 -1.5343999659757062 -1.8949680133491063 0.39512315489803373 1.687804660686639 0.08387406152915655 0.0 0.0 0.0 0.0 0.0 0.0 0.0 0.0 0.0 0.0 0.0
-1.111363864613481 -1.074955669029519 1.7442656425683003 0.36586617568604385 0.33717153865564997 0.2972842455484981 0.135613049987395 0.4774869062935364 -0.6753726707470961 0.6220363402163719 0.782213034780873 1.711347164592043 -1.2694641744596968 0.5634057348010263 0.17768335488611636 -1.6650378262872783 -2.1014508479902583 0.0 0.0 0.0 0.0 0.0 0.0 0.0 0.0 0.0 0.0
-1.752220175163101 0.7736868806606754 -0.2324081552622142 -0.249424847546211 1.3611637501308764 1.4054625676828942 0.132692769331742 0.7638859106616003 0.9777764299118878 -0.6971049522687466 -2.121833318076891 -1.8630685853637603 2.339440310069099 -0.1868274426857133 -1.0311522976690746 -1.084296187730514 -0.829294717280406 0.0 0.0 0.0 0.0 0.0 0.0 0.0 0.0 0.0 0.0
-0.7449025054536492 0.3707053543783943 0.6825049212066097 1.9706014118462643 3.220148855306862 1.3255853007585476 0.36107029196484297 -0.14814239246840838 -0.6068663851973443 0.4001603322673191 1.0551489916075707 1.4249666199414435 -1.0096143464488139 -1.3316355249214213 0.821233359028451 1.1349078202256984 0.8512731918262167 0.0 0.0 0.0 0.0 0.0 0.0 0.0 0.0 0.0 0.0
0.9185350735937967 1.193827591636009 1.569070597804305 1.2107675610542836 2.87617056769683 2.282596962316954 1.3467119440535438 -0.329915442142402 -1.0095170898895727 -0.36001011729610544 -0.08074892542820955 0.13830346288997192 0.40922839554802 0.4223928937793964 0.5166772946232124 0.06611484264875511 -1.1584898022176058 0.0 0.0 0.0 0.0 0.0 0.0 0.0 0.0 0.0 0.0
-2.320612916055576 -1.86731252084097 -0.7390003710077069 0.2414347714318798 -1.9095871671425566 -1.1566157040153193 -0.29042835665521677 0.310489291536889 0.7265582910825377 0.8203279483730315 0.6590815429764101 -0.1307957986311615 -0.9939684284104373 -0.7897705164220796 0.04533171319798205 0.2858167086089056 -0.6535524258572054 -1.2907498884677386 0.0 0.0 0.0 0.0 0.0 0.0 0.0 0.0 0.0
-1.6761760788402094 -0.11027546993261815 0.46807393111913714 0.4933250794178989 -0.5708599785612773 -0.6574490393905875 -0.05655864870148886 0.38781325978905207 0.43638206604221225 0.08044428698639645 -0.33905502951802574 -0.8627040236651927 -0.9678816998200925 -0.5103462893218924 0.04700638028142548 0.13974055078205233 0.20249477589852438 -0.41574473445221627 0.0 0.0 0.0 0.0 0.0 0.0 0.0 0.0 0.0
-1.4582506017444428 -0.7840052175479152 -0.4611827145911068 -0.42686216356220086 -0.4330123872056986 -0.25145446784854225 0.40221425800669997 0.8121734514294742 0.8333679091248372 0.8141874320760741 0.8847176480928599 1.0525444394872825 1.0396033144358032 0.6076935116693396 0.21635575001274182 0.030338747886747973 0.041830136154005895 -1.024961540407681 -0.5373093559969764 0.0 0.0 0.0 0.0 0.0 0.0 0.0 0.0
1.0118324385269815 0.6204413413498162 0.1849256072431577 0.6703995832621861 -0.6071035247390525 -0.5448319527316955 0.3465777697767362 0.6421306986451234 0.6723073455038094 0.6901780469873614 0.7546638654265648 1.0880353593711907 1.2699318627024025 0.872172590275608 0.2664344226159622 -0.006801994977538698 0.037710518881377636 -0.2752375723433704 -1.7781751272906159 -2.046913698652875 0.0 0.0 0.0 0.0 0.0 0.0 0.0
0.33314241127549543 0.2915934529183609 -0.2562039560854032 -0.8372392544740203 -2.456199230809793 -1.4792588012821104 -0.33032213915741687 0.7065467610820522 1.1052042667059745 0.7707114319330503 0.4518917397075198 -0.02358877002077546 -0.15665681471324155 -0.019712071543049204 -0.0006336974837471822 0.044063888245669314 0.018053588325929307 0.041492049730211034 -0.21948039288416218 1.3040868547751407 -3.6852975016589546 0.0 0.0 0.0 0.0 0.0 0.0
-4.77491151516793 -2.865560167735724 0.09478311290646299 -0.24435859073956384 -3.458799767734667 -5.3383393711211635 0.07988109296323012 1.0371382533729672 1.171323882184394 0.9479140818220512 0.7675817733109443 0.6265992085986375 0.5655366021103672 0.3064735077219821 0.06698856566806904 0.004894250496173299 0.019682978041906635 0.02517451670821051 0.03568657111636741 0.14605715143540685 -3.0231542704305574 -2.885892837983874 0.0 0.0 0.0 0.0 0.0
0.0 0.0 0.0 0.0 0.0 0.0 0.0 0.0 0.0 0.0 0.0 0.0 0.0 0.0 0.0 0.0 0.0 0.0 0.0 0.0 0.0 0.0 0.0 0.0 0.0 0.0 0.0
0.0 0.0 0.0 0.0 0.0 0.0 0.0 0.0 0.0 0.0 0.0 0.0 0.0 0.0 0.0 0.0 0.0 0.0 0.0 0.0 0.0 0.0 0.0 0.0 0.0 0.0 0.0
0.0 0.0 0.0 0.0 0.0 0.0 0.0 0.0 0.0 0.0 0.0 0.0 0.0 0.0 0.0 0.0 0.0 0.0 0.0 0.0 0.0 0.0 0.0 0.0 0.0 0.0 0.0
-2.4300196494012534 -2.708472045881549 -0.6651568504335437 1.573801033945867 -0.9753908989654413 -0.3347711451465766 0.06638075444597359 1.2474883541516386 0.7334820733515532 0.34089625105671306 -1.0366015799812116 1.1930523990213653 3.999144807274499 -0.20992044328007084 1.356146944648243 0.0 0.0 0.0 0.0 0.0 0.0 0.0 0.0 0.0 0.0 0.0 0.0
2.7169363494511303 -0.14767610329563594 -3.3629409501343805 -2.8624540170687345 -1.8649078010209779 -1.2610798338702862 -0.4126464529800937 -0.8559553317682217 -0.630936989774484 1.8985460865367398 0.6803177317079111 0.11705247582329044 0.5460735297897582 -1.0281343602416813 -0.28909424235028974 -0.5844059263425743 0.0 0.0 0.0 0.0 0.0 0.0 0.0 0.0 0.0 0.0 0.0
-1.4740807490302543 0.8589616439048534 -0.784889567192998 -1.5085732025263607 -1.797841409988956 2.553002131240131 1.7314498215343699 -1.9420582781993099 1.1258836849526976 0.8278903999864389 0.7042944066140682 1.4767168822382208 -0.5256209917351794 -2.9296545100888887 -1.24289684569295 0.8222328601202676 0.3449469963912264 0.0 0.0 0.0 0.0 0.0 0.0 0.0 0.0 0.0 0.0
0.8249300400002383 -0.19570899119466764 -1.850733614004656 0.6376074950494048 0.3728960636838413 -2.0564584708542024 0.36956582452247305 1.9217350814310084 0.44141059800550786 0.46518482619814044 -0.7886481850155872 0.06077515009047818 0.6759939052550351 -0.9202120203680104 -0.3092490402396695 -0.041238669569922004 -1.0119957058164017 0.0 0.0 0.0 0.0 0.0 0.0 0.0 0.0 0.0 0.0
-1.0727055336065197 -0.9008638942439976 -0.18339967999994294 -0.5200660423914575 -0.4579017736756193 1.7367923342544695 0.5630384352843133 0.7082774734010994 1.1948530463469063 0.6485037048508544 0.7935722126723058 0.8848908045541677 0.21013545787757354 1.2395750739085905 0.36423277278054234 -0.6208864902162008 -0.2974104684602654 0.0 0.0 0.0 0.0 0.0 0.0 0.0 0.0 0.0 0.0
0.8786562134603675 0.4213761284530698 -0.38848096521522374 -1.3558937727971818 1.4174757216674236 0.8976342630061397 -0.6071934809891055 -0.9061286582253896 0.1499888872114019 1.4251630989718205 1.2915040990397748 -0.05911830205832064 -0.9860685956517576 -1.3269843124852945 0.16206942045580106 -0.38616346111658456 -1.2085776834914006 -1.2329090202176796 0.0 0.0 0.0 0.0 0.0 0.0 0.0 0.0 0.0
0.5348268398895567 0.8107913568762901 0.9437672120064148 0.7258935255046698 0.3498074058112576 0.1779090424228125 -0.010505152961896644 -0.7501641474867556 -1.414116007419845 -1.8462293097015892 -1.9374903047994774 -1.3215511456840197 0.14556980047605644 1.4392075137350848 1.1773649779148132 -0.1724729109639225 -2.644172762373713 -1.065450214181161 0.0 0.0 0.0 0.0 0.0 0.0 0.0 0.0 0.0
-0.47527227883365303 -0.10637115880958312 0.30064597767595924 -0.9023373914092452 -0.6329461130041081 -0.24311549800415164 -0.11618203571539977 -0.261470714095433 -0.7904865090738223 -1.4623921368707524 -1.6013600598448676 -1.11538222178106 -0.4934150847991914 -0.11450909905321585 0.06328926637330189 0.24549552981686026 0.6337570991155383 0.9010576523896829 0.0 0.0 0.0 0.0 0.0 0.0 0.0 0.0 0.0
0.7517397655847018 -0.6862151485832995 -0.3229211057892586 -1.1783266094742468 -0.8676647974629252 -0.3964369104839586 0.08611863860341105 0.026466582517324252 -0.2595465750376494 -0.5429454513187467 -0.6815327154246978 -0.7359415167701161 -0.5657474915650333 -0.09850645203575548 0.1008232643277318 0.13045393875086236 0.004709228859314539 -0.30287183357678443 -0.5520422484794864 0.0 0.0 0.0 0.0 0.0 0.0 0.0 0.0
-0.6242280210631759 -1.027820264798792 -0.7925087877258552 -0.7611423719804015 -0.696568278267823 -0.8718035561017293 -0.5574184715956694 -0.1432286955001786 0.42338584250573746 1.0085921693357502 1.276044755907105 1.1392896450323828 0.5999719126357383 0.34696924038327515 0.13669914037318856 0.048426243596029574 -0.02380842005826217 0.14582963583715758 -0.2922752406160438 0.17353045401081046 0.0 0.0 0.0 0.0 0.0 0.0 0.0
0.008840084819348663 -1.0254265786483987 -0.8799968855682698 0.38011681359490646 0.042923155290060404 -0.6475079823514719 -0.0254942946296316 0.39856921790271127 0.7557866327346774 1.052495445044827 1.276194262884734 1.2626215495179405 0.9360348154622639 0.5166755548537197 0.14011883828654265 0.024995349705722997 -0.0002698880070548046 -0.05922640811592565 3.091442589698773 1.0050448868603608 -0.9794446612317373 0.0 0.0 0.0 0.0 0.0 0.0
-1.4853140480920333 -0.7109381318420989 -0.3889537548999891 0.0578399423772837 -0.31854296716458064 0.8393923642612836 0.8192257184178494 0.8459431760881492 0.9835647966902723 1.2356299033531497 1.0294276995687524 0.30926159376069084 -0.29191006353382676 -0.194546827916133 0.015687168257964887 0.024206548294104523 0.020826504092838916 0.006728004961334097 -0.03581885858231613 -0.9239438119121658 -0.6164341283931009 -0.675842192847754 0.0 0.0 0.0 0.0 0.0
-0.7950288360591105 -0.3754650233345494 1.547987663131341 0.6964815722007306 -0.3400352283083895 -0.028957979727580352 0.5644792788022411 0.7563643070939216 0.692145362169827 0.5237536969710612 0.4500821164283446 0.4055917872602549 0.42971486772521145 0.3055382005993271 0.0687830698744408 0.009449161515663931 0.017808856810985062 0.006763049230815392 0.042625662957764904 0.02866647081021125 0.33301403282809583 -0.5206193713560912 -0.5670378232801494 0.0 0.0 0.0 0.0
0.0 0.0 0.0 0.0 0.0 0.0 0.0 0.0 0.0 0.0 0.0 0.0 0.0 0.0 0.0 0.0 0.0 0.0 0.0 0.0 0.0 0.0 0.0 0.0 0.0 0.0 0.0
0.0 0.0 0.0 0.0 0.0 0.0 0.0 0.0 0.0 0.0 0.0 0.0 0.0 0.0 0.0 0.0 0.0 0.0 0.0 0.0 0.0 0.0 0.0 0.0 0.0 0.0 0.0
0.0 0.0 0.0 0.0 0.0 0.0 0.0 0.0 0.0 0.0 0.0 0.0 0.0 0.0 0.0 0.0 0.0 0.0 0.0 0.0 0.0 0.0 0.0 0.0 0.0 0.0 0.0
0.0 -1.7739269144899732 -2.4807206715935846 -0.7192616767180325 0.3389045160940811 -0.7550171938400783 -1.5224119492540595 -1.0136971572256523 -0.1890065479834831 -1.13537512866775 -1.0653374793389963 -0.017379825090615978 2.1015609851903445 0.573298829848054 -0.43597356767936685 0.015281962348755566 0.0 0.0 0.0 0.0 0.0 0.0 0.0 0.0 0.0 0.0 0.0
-0.8551468008731985 -0.5161115265144309 -1.3121037393091561 -0.7863046560269726 -0.6604198067705801 0.03688562754105748 -0.37691046710071174 -0.6032603295186304 0.7764128424779859 1.0002677211481927 0.6390894192191265 1.2061775201775586 0.0763525304264485 -1.5253341323167557 -0.6737757656032995 0.6064694946112673 -0.14714242106966996 0.0 0.0 0.0 0.0 0.0 0.0 0.0 0.0 0.0 0.0
-1.293412479544954 -1.6931716001934032 0.2964293247950862 -0.4171162014915804 -0.8233758443880961 -0.17878574493365218 1.3759516667895135 -0.7399289512750727 -0.12393211955427601 0.08041624652009147 0.2952409242943095 0.3511302840289646 -0.4053853930476635 -0.48363571728919774 0.1574223128017051 1.8506764166184582 2.0773349858228025 1.6887694870543952 0.0 0.0 0.0 0.0 0.0 0.0 0.0 0.0 0.0
2.050188212293223 0.8673700871834931 0.048154523322195525 0.6060932221287427 -0.09618696889978522 -0.8030070960228153 -0.10389886826988912 1.6310611265016086 1.910585009742687 1.2685325409200126 0.4110248517764694 -1.386664677085003 0.45429087904289933 0.15928844872025683 -1.0938195316483137 -0.6154959990831522 -1.0588058652515873 -0.6927672062468428 0.0 0.0 0.0 0.0 0.0 0.0 0.0 0.0 0.0
0.18160923316324573 0.5194805723258848 0.2511555870061494 -0.32759775012978215 0.2321265104675844 0.0029932672805769375 1.444193064117477 1.6668558431755753 1.6805993978514384 0.8262183811102427 0.11775346589450043 -0.7706582198168829 0.015108468678631148 -0.3043657991000913 -0.1814539580293503 0.3179443981562403 -0.5061898796878371 -2.0119037371411777 0.0 0.0 0.0 0.0 0.0 0.0 0.0 0.0 0.0
-1.9250418509772693 -1.9552972100092512 -1.8256734672292827 -0.3502173009889673 0.1444664647648043 -1.3850716522573905 -0.5304585631225295 -0.8409828563937283 -1.1904638535890057 0.23705824885144 0.38759022976313906 -0.1946757424230883 -1.0853734176242986 -0.3964453068650326 0.7205133376767068 -0.0826206839306573 0.008951936289547865 -0.06909783233355835 0.003665012925131417 0.0 0.0 0.0 0.0 0.0 0.0 0.0 0.0
0.434214012509669 0.3356428042429964 0.5723267522464427 0.9281746649879294 0.010500440200733634 0.7216256871555053 0.4366795449579946 0.37591283771908934 0.6482535868167192 1.0308817910492396 0.9271314227658157 0.4051793972726255 0.7601542112558543 1.2212003429688878 0.5522844711875936 0.03342667467612498 0.7891509662359578 1.2997103259984273 0.6432673406244321 0.0 0.0 0.0 0.0 0.0 0.0 0.0 0.0
0.6155003758017706 0.8512399505471792 1.433066123808928 1.181009160663837 2.2556525045705103 0.7102282383000077 -0.08602202762010071 -0.48990334249211165 -0.3182385501994485 0.20373828162406038 0.5633754030498782 0.8780373292477842 0.9254005122210819 0.6410534238064828 0.31132834512947893 0.050622920753996915 0.10381820932812147 5.499345756559792 4.355512987748106 0.0 0.0 0.0 0.0 0.0 0.0 0.0 0.0
1.8861576737302193 0.22974653405875858 -0.47555819009464456 -1.2589124122459103 -0.016013214534820675 0.7395778470807298 0.6231978273873533 0.34026502851068463 0.19630973356891385 0.13762018020011693 0.37277742774193784 0.6916361877365084 0.7246129763261316 0.30041699955949686 0.04289376248117525 0.11131525132158172 0.022959920755398152 0.2056255534947875 -0.10694282877441502 0.5281994690157644 0.0 0.0 0.0 0.0 0.0 0.0 0.0
1.5934154804409335 2.552920492815248 2.582662716799139 0.6420917812597081 -0.9365697865203951 -0.8591338621994785 -0.03243509913795627 0.15595222107310913 0.005014395961764802 -0.05107409933637666 -0.16032518132033294 0.12042857567824218 0.6314419048464385 0.35265164107391633 0.07077724505397598 0.07736999413519689 -0.01254414779200476 0.2451763451681295 3.7911565713577384 2.574902621100378 0.4864343445806046 0.0 0.0 0.0 0.0 0.0 0.0
0.17582886461207964 0.7658561982842365 1.0153470034625516 0.8549523663873713 -0.09333454711114435 -0.5553721500414813 0.1428974108624518 0.7699715290250569 0.7567443231103987 0.07200096033669307 -0.05333701200509422 0.3666327679208278 0.8462204297611491 0.45199549753105267 0.053388683273266846 0.05558550485545465 0.02260292761972211 -0.13950316670932583 0.5927896408427475 3.8427361678402128 -2.4331780221676893 -1.4587781125307848 0.0 0.0 0.0 0.0 0.0
-0.4138494569753419 -1.4172041198672332 0.3741257102347489 1.7954582327097586 -0.18239170106760372 -1.422114954997606 -0.3265658868083727 0.015123467927729749 0.07477050848836708 0.1751334946380024 0.0046549914757805805 -0.37027760676147603 -0.5937128959687273 -0.1857179104176242 0.019977033247627705 0.03713623244730079 0.04005056859301803 0.011353412625991157 -0.05968083714720404 1.2132401456984434 0.12862016096775716 0.7895986046148654 -0.6628295835973596 0.0 0.0 0.0 0.0
-3.5148972883311465 -0.951160946371743 1.0005973650534403 1.2885240276528303 1.0779942114227679 -1.3996348545998727 -0.8968719525582824 -0.23831870076677797 0.16861345421975024 0.14082495589907132 0.09822470014859741 0.0866041649534385 0.2713544127042588 0.24057535542655445 0.03482989358935691 0.015224135992601901 0.010158678993158718 0.04211868464650882 -0.021173677058734398 0.07633888199280105 0.3455110053557348 2.367153059916003 0.39182773999852644 -0.7229380079890427 0.0 0.0 0.0
0.0 0.0 0.0 0.0 0.0 0.0 0.0 0.0 0.0 0.0 0.0 0.0 0.0 0.0 0.0 0.0 0.0 0.0 0.0 0.0 0.0 0.0 0.0 0.0 0.0 0.0 0.0
0.0 0.0 0.0 0.0 0.0 0.0 0.0 0.0 0.0 0.0 0.0 0.0 0.0 0.0 0.0 0.0 0.0 0.0 0.0 0.0 0.0 0.0 0.0 0.0 0.0 0.0 0.0
0.0 0.0 0.0 0.0 0.0 0.0 0.0 0.0 0.0 0.0 0.0 0.0 0.0 0.0 0.0 0.0 0.0 0.0 0.0 0.0 0.0 0.0 0.0 0.0 0.0 0.0 0.0
0.0 0.591627756573817 0.7134508821793385 -0.15264170848797082 -0.5492248883599616 -0.6274104571740274 -0.702881796528435 -0.030795013458964692 -0.04616567676730672 0.010574305780652687 0.02794810745318175 0.2874382914118709 0.8414135759626703 -0.21540189903337514 -0.9047599262084361 -0.10000492629365913 0.34633818819247353 0.0 0.0 0.0 0.0 0.0 0.0 0.0 0.0 0.0 0.0
0.5765138160299306 0.32382016576992695 -0.415099354841619 -0.24618182903331545 -0.008331914347022826 -0.3730913074941769 -0.545498857811949 -0.8298026339991309 0.48022373249948874 -0.3034953475894937 0.010077766931842955 1.0117892585550607 1.626865350961059 0.866942448026467 -1.0241883671194771 -1.5222704979547463 -0.4856782549795135 0.4485919614567048 0.0 0.0 0.0 0.0 0.0 0.0 0.0 0.0 0.0
0.48016511484401225 -0.7744141196147517 -1.4288761882305105 -0.30700589867181965 1.4749818252757336 -0.46147445315006763 -1.3442524819445028 -0.2667645339430727 0.23985498896110943 0.11111187664252097 0.14859811347090449 -1.0077660782845572 -1.0947841628044555 -0.6985771711883855 -0.6434463288033004 -0.021564982874485796 0.22930971197714892 0.15581084065504686 0.0 0.0 0.0 0.0 0.0 0.0 0.0 0.0 0.0
-0.009853829811692708 0.40557060323058847 -1.1147372331388674 0.4475085166335819 0.15614549081680842 -1.090402958030088 -0.4562889970107079 0.2267280534758143 1.2195083701496119 0.5743093796832399 0.22687798105422027 0.40378836604506574 0.8901602057412362 1.3219932474528813 -0.477752859494046 -0.3478016638710268 -0.026416474019640233 -0.7035044323877568 -0.4169549516916478 0.0 0.0 0.0 0.0 0.0 0.0 0.0 0.0
0.37358078257141397 0.056148653779426246 0.7497497879707528 2.1803283518931638 0.847575001297331 1.2370469587018453 0.7647106822176302 -0.06299248285391167 -0.7014292678695151 -0.3553323001754241 0.5525234833788498 2.3508840960197115 2.0017184989103294 0.9281442746046654 0.3270014251898217 -0.2107697971225053 -0.49925133171691644 -0.8643991375999546 0.13552889255390213 0.0 0.0 0.0 0.0 0.0 0.0 0.0 0.0
0.4836465074623207 0.5554798207904285 0.5879727206258732 1.0323237695132075 0.7165391511666995 1.0025022129378904 -1.3166305890069463 -1.3313519838161207 -0.5009144516740225 -0.57478392876838 0.46701362141545466 1.5896336086572054 2.3138957502875974 1.7458967619671086 0.4537339702009442 -0.0464767708382063 0.3888528038338851 -0.7505621701682201 0.546575733879009 1.3647074510017636 0.0 0.0 0.0 0.0 0.0 0.0 0.0
0.8608929422634991 0.5055693392569931 0.8391552479431945 -0.768065183288799 -1.6678654324889457 -2.131733037549534 1.08474674469607 1.6932823027826789 0.9472728297742923 -0.2015488576641409 -0.281377446863539 0.9946199179590743 1.369124015062545 0.557251391196984 0.17306447700955957 0.05622861421244343 0.03189162550833588 0.1749641665415873 -0.8018620819897554 -0.7488827616992719 0.0 0.0 0.0 0.0 0.0 0.0 0.0
-1.1763874121768476 -0.2992435090389715 -0.9150461019910097 -1.3202497050648092 -1.6449203208952647 -0.3093974438311859 0.45346261870367305 0.7559216855222106 0.6932597777008166 0.3023093349761591 -0.1268900107630478 -0.701601972469808 -0.5912500118080225 -0.016107719732742658 0.06934798000163812 0.07406129267887694 -0.007379904607975123 0.09188286775431345 -1.3888337512738849 -1.3692731349598313 0.0 0.0 0.0 0.0 0.0 0.0 0.0
-1.16620150920428 -0.059862994512960004 1.3558111391155343 2.012672902357613 0.6544573808712509 -1.0225044161966448 -0.19482772437677745 0.4284689158987111 0.6003238706106223 0.18524986943337607 0.04899319688149571 0.14972626052472895 -0.1817527381827529 -0.12381188258874641 0.058713550937610035 0.04810739473913694 0.047215285030594516 -0.008162087984596894 1.1092093021269782 1.097450196048753 0.9040040603071787 0.0 0.0 0.0 0.0 0.0 0.0
0.405245738024265 0.8957383374464389 0.9525448760021635 -0.29087680938693067 -2.5872532279097884 -2.6794950407465996 -2.1054857420279864 -1.5270130343063038 -0.8951014281968616 -0.1294537013930295 0.3131415982406102 0.33119572427221355 0.23365854510256887 0.01882782770446913 0.04309916463372559 0.0694558198033944 0.007910137914809677 0.036366525776994986 0.1531077329569941 3.1400173737438752 0.8908905570204412 -0.846323417021154 0.0 0.0 0.0 0.0 0.0
-0.9079348963307562 -1.4065054487701276 -0.10635368863774294 0.6075902111304298 -0.4431210951321824 -1.9944829339345747 -1.4303606542051255 -1.063812906766298 -0.8519629272660598 -0.6490616637942789 -0.3229319654304018 0.2337831364670227 0.493885475581706 0.47886146367994475 0.1162939383506939 0.030933831892389605 0.057298905875863546 -0.0016118656431398082 -0.013399515460748183 0.17861466980926058 2.780769499676894 1.665140446954049 0.45425843321167547 0.0 0.0 0.0 0.0
0.030294477595951025 1.5026161596833811 -0.10679239754012258 -0.8280030467183814 -0.9357027532876825 -0.16485007564468968 0.0996314986982191 0.13054447979910036 0.061211902194594776 -0.13116690597266556 -0.1590206477221589 -0.11024590297985899 0.042185689630716824 0.23093405610182405 0.12913485392697727 0.020933257326353483 0.026117203874572673 0.02162337039767055 -0.010736291542164494 -0.030631586572700768 0.1876975564560512 1.406836852764469 1.6545363343629789 0.42080491863018377 0.0 0.0 0.0
0.2632368168507752 1.3938621137402636 1.0267627194675897 -0.8163994656323474 -1.5812130476518071 -0.8121883313052448 -0.267317041953565 -0.1147178445709409 -0.12177987254398465 -0.17105997297761585 -0.18640384589627695 -0.06086088128325442 0.19765390073913588 0.22103675756119895 0.051416150909757784 0.00120044416642368 0.019707031466310677 0.017136733219459892 0.022310167274285992 -0.007322107435207158 0.06937527482950054 -0.1319229255952993 0.2766405711571243 -0.6591051757086145 0.0 0.0 0.0
0.0 0.0 0.0 0.0 0.0 0.0 0.0 0.0 0.0 0.0 0.0 0.0 0.0 0.0 0.0 0.0 0.0 0.0 0.0 0.0 0.0 0.0 0.0 0.0 0.0 0.0 0.0
0.0 0.0 0.0 0.0 0.0 0.0 0.0 0.0 0.0 0.0 0.0 0.0 0.0 0.0 0.0 0.0 0.0 0.0 0.0 0.0 0.0 0.0 0.0 0.0 0.0 0.0 0.0
0.0 0.0 0.0 0.0 0.0 0.0 0.0 0.0 0.0 0.0 0.0 0.0 0.0 0.0 0.0 0.0 0.0 0.0 0.0 0.0 0.0 0.0 0.0 0.0 0.0 0.0 0.0
0.0 0.0 -1.4971037709774373 -0.33609971858685733 -1.6871010194543188 -1.8929303967713762 0.12601630612888826 1.5763968087635627 0.793661537544128 0.5136061288863766 -0.005473949836947013 -0.8420378248869486 -0.5187405745741388 -0.6443165671160316 -1.1506509084197432 -1.5789236412459478 -0.7269296538114437 -0.47201650450379945 0.0 0.0 0.0 0.0 0.0 0.0 0.0 0.0 0.0
0.0 -1.101449191783672 -0.4422525147607928 -0.6018400661807687 -0.6175835034870795 -0.22999286569747635 -0.03238857299996673 -1.0908636872550506 -0.17111718377657273 0.06447260193789864 0.6570862735898045 0.9286712445123705 1.2943796584203078 1.7420168766312716 -0.5783646252131078 -1.9070176843424365 -1.3273107966774984 0.26451153867075455 0.8569053155792453 0.0 0.0 0.0 0.0 0.0 0.0 0.0 0.0
0.6286240729407794 -0.012826827721992675 -0.18023360536623995 -0.12287935955665881 -0.1526418275767087 -0.02515353065379006 -0.11595853657761661 0.9485872838952827 -0.3662829211594025 -0.7555987876978256 -0.08683750282593777 -0.891590428721272 -0.5151261279674011 -0.5166059432300821 -0.21070411613671663 -1.770341341001268 -1.2070329909210906 -1.3585875200370383 -2.5861778662649955 0.0 0.0 0.0 0.0 0.0 0.0 0.0 0.0
-2.771127919095416 -2.0494639818417957 -2.1256185620120176 0.07041783092849523 0.1979226243938181 -0.043236060825034714 0.15228776393683446 -0.2699106680731265 -0.29445835956764393 -0.06475746827774079 -0.20260046126117331 -0.40324649863452866 0.11976427196485617 0.7922056765360386 0.36931135441285684 0.1526628140307584 -1.0762574596703336 -1.9486605912275445 -2.0726172912817544 -1.3208283011510522 0.0 0.0 0.0 0.0 0.0 0.0 0.0
-0.9063940645649201 -1.1199480859308135 -0.2119508767477964 0.18603809339555738 0.6368355170717035 0.3976480000500582 0.08467558161498867 -0.023206576860758114 -0.10929819042270573 -0.8507654378525684 0.13616756636527255 1.2846067472182325 0.9616716407565241 0.37134698147917183 0.27727349600651113 -0.05922267885012481 0.506056514439061 -1.1328315471460093 -1.549741581575397 0.35333613738183706 0.0 0.0 0.0 0.0 0.0 0.0 0.0
-0.06279205773161313 -0.6213263009922028 -0.18863900747411386 1.3673475345582469 -0.09245269465874992 -1.1375279421312665 -0.22298672969252623 -0.26969400080099537 -0.1708899416198179 1.2998141167476214 1.6103432913981448 1.5337082818695453 1.0050669061145714 0.7432741504281715 0.20425087964269664 0.0548161998037374 -0.08777599266262495 0.44171057680767517 0.04073802370064477 -0.3332518559353504 -1.013235592961811 0.0 0.0 0.0 0.0 0.0 0.0
-0.5057671150807761 -0.3640172523219117 -0.15649362430458091 -0.6623266199813768 0.18711143192647464 1.135746066519477 -1.4272144814573202 -1.65835101659616 -0.6760190158795628 0.835690741265664 1.3057308556879825 0.6199563763974395 0.27631849821399973 0.29772398513331483 0.10635621479371812 0.031923644969826775 0.018349603093477808 0.038951510231700896 0.5259316029112907 -0.7408586784117579 -0.3193108262880453 0.0 0.0 0.0 0.0 0.0 0.0
0.2601012825447426 0.47632315221390953 0.1827619234316858 -1.6447952547781086 -1.2099883974081092 -0.8152637417741432 -0.16895711198591423 -0.0673212390939792 0.10304126994940135 0.567840252822098 1.0138289975831554 1.0980366681576197 0.26588817005180565 -0.04682772100766539 0.02844736986299181 0.048589914260726424 0.022665491199908915 0.04725871932590562 0.134380849202142 0.7356794458953323 0.43200417430775895 0.0 0.0 0.0 0.0 0.0 0.0
0.3442215385975247 -0.8004602770067847 -0.9823131096782616 2.228930927083699 0.36588725990355053 -0.48972443684247624 0.11090146349353182 0.5047375465636932 0.6431654652484184 0.6430393154715202 0.4633674602192182 0.06526801747026895 -0.04847363475007007 0.007552950340190437 0.02996761037356106 0.05006951933319608 0.01210850160448504 0.04395192667299106 0.09093390653993559 0.23097880163233592 0.4834040576906424 -0.04612355604138639 0.0 0.0 0.0 0.0 0.0
-0.3746615554196092 0.1321571957792356 0.7692173865485619 0.40570303786473944 -0.03732286533941185 -0.9358230223810885 -1.204047750411157 -0.8814988474890038 -0.26285261439663155 0.2876614262544535 0.2111655175892018 -0.22491664423021432 -0.26769450854412585 0.05078313943247758 0.09377831780949351 0.010041095032226782 0.03330240774999659 0.0016032609669498785 0.08988478600092782 0.1534647265199997 -0.9415990831456325 -0.5071393347178276 0.08123171564544222 0.0 0.0 0.0 0.0
0.6635510874689609 0.11470427886011819 -0.1464324432222649 -1.2596874635414281 -1.0644634302325866 -0.4943832178078062 -0.9092284760635523 -0.8458349514159327 -0.6456949510330166 -0.45203220935966165 -0.3252436235643316 -0.2701979369716839 -0.20688524097056524 -0.15365403691945234 -0.058395051059837985 0.05270301031602406 0.008820362782190755 0.009783159558831278 0.019426167265705334 0.06904466815006981 0.053717851922329155 -3.1596535244757753 -2.117724204862548 -0.9404502051808893 0.0 0.0 0.0
-0.7163808706944375 0.28333468849711785 1.0554146398003361 1.7380146211598972 0.1989090067522911 0.35933542102398486 0.415558641094915 0.41951560140232924 0.39983742970958597 0.44334813943167994 0.22190516445578257 -0.039502405959772564 -0.04713375456931797 -0.029135795017862374 -0.013994457149864747 0.020471917293014452 0.008560185038405358 0.014615308330955009 0.005001470424192729 0.026659041835484253 0.0381479271907148 -0.15735986661386275 -1.3023617708461652 -0.8304394676578023 0.0 0.0 0.0
-1.4077414793474337 -0.17992481363116422 0.8480531240758852 1.593744359780785 1.3172449299625433 -0.7433766398498959 -0.6257604624392494 -0.44788527221859425 -0.3457884712249225 -0.3912861269542529 -0.2785869817578553 -0.08292045880903043 0.028102861724711808 -0.055073779725427256 -0.008831793316137333 0.030297515705098723 0.0006923590880054206 -0.004656252271729936 0.010172594643666254 0.002464485134487607 0.022159090544587343 0.027025432711613912 -0.1993939110237657 -1.3019249414431406 0.0 0.0 0.0
0.0 0.0 0.0 0.0 0.0 0.0 0.0 0.0 0.0 0.0 0.0 0.0 0.0 0.0 0.0 0.0 0.0 0.0 0.0 0.0 0.0 0.0 0.0 0.0 0.0 0.0 0.0
0.0 0.0 0.0 0.0 0.0 0.0 0.0 0.0 0.0 0.0 0.0 0.0 0.0 0.0 0.0 0.0 0.0 0.0 0.0 0.0 0.0 0.0 0.0 0.0 0.0 0.0 0.0
0.0 0.0 0.0 0.0 0.0 0.0 0.0 0.0 0.0 0.0 0.0 0.0 0.0 0.0 0.0 0.0 0.0 0.0 0.0 0.0 0.0 0.0 0.0 0.0 0.0 0.0 0.0
0.0 0.0 0.0 0.0 -0.22391369515097223 0.8991666667979372 0.7038615301091421 0.09859857940234011 -0.5836540149931339 -0.7761643018677086 -0.2281547357239407 -0.4087322615801698 -0.7937868875234201 0.11544986044733924 -0.35152867717301806 0.38312085683180747 0.7204007586466583 0.35855735367537667 -0.2824330982176132 0.0 0.0 0.0 0.0 0.0 0.0 0.0 0.0
0.0 0.0 -0.2328525440378448 0.7977315998547202 1.2300384103312663 1.0332927560346667 0.6034279468132384 -0.16154838863254173 -0.4164862790483495 -0.8490744188575768 -1.3777493334389421 -0.6203491977268419 -0.646432182529942 -1.066103037333487 -0.092017800921375 1.264526903992043 1.114944793527539 0.12724076314431196 -1.3760091969954764 -0.8169697887533817 0.0 0.0 0.0 0.0 0.0 0.0 0.0
-0.03104040763826155 -0.5910158166723087 -0.06974442929875568 0.8082768454904892 -0.7177303008175225 -1.0032350342330523 -0.6409541705461697 -0.5323829340020212 -0.6764864533795202 0.27215925816113956 0.7632224418133917 0.8436425498382889 0.397644905816645 0.6689601408743765 0.3179441812606915 0.15444939730782212 -1.1659381566591962 -1.4332786044546577 1.0866835483702109 1.6589324634158737 0.0 0.0 0.0 0.0 0.0 0.0 0.0
0.3438290067574882 0.17915059437851447 0.5473925929503142 0.8825272274401219 -0.513053898331571 -2.7516826905980314 -1.8892149923983088 -0.7675902363645446 -0.5880075773516796 1.7383974326525438 0.8610313543365585 -0.8280925036820014 0.2953058851091311 0.7249938704651417 0.0711283628257674 0.21575449601475843 0.03966515677645357 -0.1958594879198629 0.13761685319848027 0.49993831699595054 -0.22752831296858206 0.0 0.0 0.0 0.0 0.0 0.0
0.10433537738113523 0.5075067894560126 0.14146425137137683 -0.10549806026885611 1.677556802861497 1.2992978211922799 -0.8646306404881198 -1.209268368732529 -0.8513582292230858 0.6249513638677394 0.7954010650332246 0.16398650782590748 -0.13853983971209743 0.42368165068506164 0.3497005892963543 -0.07601226766322138 -0.015737594502039917 0.1001193393201357 -0.18006702380262332 -0.3540414747752558 -0.8766848361702237 0.0 0.0 0.0 0.0 0.0 0.0
-0.01584804495388074 0.4684838122234534 0.3495768443404635 0.46005677545319207 1.069107190975618 -0.32120586153441155 1.180946497086704 1.7091909170936632 1.3718824698510614 -0.2788308070521848 -1.2931672298810868 -1.520779593805363 -0.265442704336371 0.07906215220061283 -0.07829973573764606 0.011272023560594091 0.0014954357418601946 -0.019425029530160003 0.19815681783466985 1.7700692617175267 0.6662801445881792 0.43547418473745125 0.0 0.0 0.0 0.0 0.0
0.09878876552816239 0.3668169296942742 0.6533197723623262 0.1638546725227993 -1.4968650594094701 -0.674914230743571 -0.1930331779858858 -0.5222900144393938 -1.0294286161401855 -1.443694594614311 -1.4542230978510504 -0.8881971244002791 -0.23463096996627839 -0.027200827389111892 -0.0016266070992163144 0.02082527051334261 -0.00655117828353381 0.01658895762105063 0.05104857109406224 0.0642664951316955 -0.5736240198637585 -1.157883766662264 0.0 0.0 0.0 0.0 0.0
-1.19631194820365 0.27152264604892185 1.7870643949277003 1.03961477494914 1.311932913186902 0.8631398030409814 0.5455716409418165 0.4462246585570754 0.38815796120213714 0.1901286697467065 -0.06366158485428494 -0.4061516045417979 -0.2372521274311205 0.022077872435335915 0.026474340902188212 0.01460558874916863 0.005074456717387869 0.004275057839302291 0.0571925110682239 0.05040093937138038 -1.382762407309399 0.8196733428304361 0.0 0.0 0.0 0.0 0.0
0.44560603422162925 0.15849475742597496 0.2573065240121867 0.3180440836752152 0.28761954539771395 0.4536324922101405 0.46609344545247594 0.3500963686804577 0.2161817739700713 0.0996660606948491 -0.07785630312992783 -0.24025249337362717 -0.12800992463364397 -0.011174139313356674 0.008824576093875314 0.016446005721754153 0.0028299234389562167 -0.0013428487476830069 0.037932647474167844 0.001682440623808685 -0.8440750000784797 0.7367907523028052 1.6606373480539949 0.0 0.0 0.0 0.0
1.4779284814690912 1.5438473015829746 1.2149153006564293 3.06493450036548 0.6988116100607072 -0.5288982311712724 -0.7800085137106744 -0.8216227676074905 -0.7578311232784537 -0.5796439157468422 -0.3955470408458092 -0.24913201777316366 -0.08321402261123903 0.05660834616815327 0.028591067802215094 0.007195481042096014 0.016346482583434872 -0.00025360119919011677 0.002618000417409933 0.023144884305271833 0.0016180907178057924 2.1484582927357807 1.621415103066585 0.7478052788457483 0.0 0.0 0.0
-0.4406316056509537 0.666305960367991 0.6628421494743033 -1.423661351117501 -2.3327534705489525 -1.719181333691268 -1.3046010818936238 -1.2076805416787038 -1.1780585490053546 -1.033054474853865 -0.7273507571936124 -0.2651111587621767 0.020022258337713837 0.0639592222322727 0.019786379266767417 0.01016575319216717 0.00531151784421535 0.0006042187140016062 -0.008711725148673433 0.012389164901605286 0.03478208176750214 -0.45459509398061115 -1.5486170887759747 0.1271964112580474 0.0 0.0 0.0
1.8885235736874741 1.0213737382657537 0.30502664777372096 0.2473443922700724 0.2020760663674955 -0.32848161376570173 -0.2107516295820972 -0.10131231375955783 -0.0035876868818430904 -0.01492138977084933 -0.06481518316648748 -0.17368402143834621 -0.015162288493123555 0.12856723310481716 0.07306993928701468 0.0020885117559178005 0.007640396966210134 0.004016285520830632 -0.000599153282126693 -0.012227701796407095 0.019047073740930058 -0.002057240473511479 0.03283128878672326 0.8288421458129135 0.0 0.0 0.0
-0.3833994372211426 -0.6119691806430885 1.1133962976369038 1.3831959909608702 -0.2633054703690456 -0.5818910641164219 -0.5643562276350079 -0.48928195043663036 -0.4596950762963889 -0.4077902601742049 -0.3501722250958769 -0.1477900314501476 0.030005890156236927 0.034100914753698766 -0.008447419380993646 0.0036833366661469637 0.004338560598441751 -0.0003700112640674887 -0.002026806141686562 0.0036211626336847044 -0.006952931673577573 0.01195985128873771 0.054159894912629944 0.13744675086968114 0.0 0.0 0.0
0.0 0.0 0.0 0.0 0.0 0.0 0.0 0.0 0.0 0.0 0.0 0.0 0.0 0.0 0.0 0.0 0.0 0.0 0.0 0.0 0.0 0.0 0.0 0.0 0.0 0.0 0.0
0.0 0.0 0.0 0.0 0.0 0.0 0.0 0.0 0.0 0.0 0.0 0.0 0.0 0.0 0.0 0.0 0.0 0.0 0.0 0.0 0.0 0.0 0.0 0.0 0.0 0.0 0.0
0.0 0.0 0.0 0.0 0.0 0.0 0.0 0.0 0.0 0.0 0.0 0.0 0.0 0.0 0.0 0.0 0.0 0.0 0.0 0.0 0.0 0.0 0.0 0.0 0.0 0.0 0.0
0.0 0.0 0.0 0.0 0.0 0.0 0.0 0.6827869791622526 0.4724270313652778 -0.1567890880259424 -1.0499342249484935 -0.34750740292896243 1.0330097684483197 0.7176437485669127 -0.9839002002457625 -1.690256304717799 -1.6118536179221068 -0.9873998166890025 0.08267452992270061 -0.32420098855308765 0.0 0.0 0.0 0.0 0.0 0.0 0.0
0.0 0.0 0.0 0.0 -0.13179300656824075 0.15801766744421397 0.3665326291641843 0.3169371038560321 -0.09402274688655188 0.7366249630009835 0.8526211336073912 0.5228107075754017 -0.13471588877657423 0.3757647326252075 1.6913119655157398 1.0374222532894088 0.030663804962509873 -1.693628211681505 -1.0082155625843872 0.32824122029169855 0.5560732504329442 0.0 0.0 0.0 0.0 0.0 0.0
0.0 0.0 -0.4739247321053637 -1.3067637740190479 -0.5976750506998433 -0.2083768825263028 0.08336479079880062 0.3898404393571268 -0.12107143136002763 -1.0351091568690527 1.0787228485285543 -0.24042539882114017 0.19555912744060494 -0.331706787164483 0.14326961935751883 0.22412825790606763 -0.3059661254378945 -1.8376784799337462 -0.7375225671153909 -0.05440392418698714 -0.5451915849515312 0.0 0.0 0.0 0.0 0.0 0.0
0.0 -0.6817302232920645 0.7832853612320902 1.0263259133763143 -0.34201085660568803 -0.8460067726540371 0.5507608646796646 1.2553880261205628 0.8304832920406489 -0.1708335413109624 -0.23872750223104017 1.553271230475047 1.3204814125897355 0.8053173485227136 -0.3638527976518673 0.0414377135917639 -0.19332814012387098 0.17421864423175668 -0.5154906156092269 0.6428243377423437 0.22832601190292173 -0.2483419748505834 0.0 0.0 0.0 0.0 0.0
-0.1664687881117639 0.24529682305547426 -0.05877036431971189 0.6889906142532766 1.6386178851283064 1.1423983435951555 0.34700787769703667 0.9404247104613184 1.013785529461929 -0.8954699402324612 -0.5510831117136371 0.38293593460664943 1.2093416257820309 0.5795626945519307 0.2026922438527571 -0.06883262883989102 0.028317349918586487 -0.06076541471495556 0.17035727660609046 -0.723146875191593 0.27336499149069093 0.8123794632824828 0.0 0.0 0.0 0.0 0.0
1.359351825087941 0.2679496748035843 0.3090158107772337 0.27280345541369416 -0.3245060479946343 -0.017415751899608922 1.5611433292529602 1.688564152695588 1.097305146942867 0.7382416300472634 0.01993377975179617 -0.1551260583981516 -0.06202222039691914 0.25453552289913867 0.0738053058149678 0.0043060374215017645 -0.014904745400358065 -0.016314670060621563 -0.011207075683440471 0.22453331834376294 -3.0327274280529686 -0.8955997220819656 0.2560096042842216 0.0 0.0 0.0 0.0
0.36074889212451455 -0.11564981866994681 0.38046123288332595 0.7846705639742712 2.0064572585166496 0.47941614764652674 -0.7635083549527725 -1.124325333405656 -0.7491707965240664 -0.03466432008777973 0.23468360747765318 -0.0003254320962824191 -0.2663503761672388 -0.05488091057913709 0.018992803881527867 0.004853665354062548 0.003436463602929981 -0.0037847132869421062 -0.0006166249507837512 0.021263400000290558 -0.03222771904562056 -0.8852295209736022 -0.7153978331926638 0.0 0.0 0.0 0.0
-0.2326656879555002 -1.4252716065317297 -0.599482881472272 -0.5771612828359984 -0.897693167762743 -1.0384761785526684 -0.5477303969867086 -0.44641914569369173 -0.39560565703670314 -0.24296185729472644 -0.12728804241770653 -0.029861591218345144 -0.0005839149555701553 -0.023224392184029243 -0.011342677400817397 0.012376122478870967 0.0012902670470022468 -0.0026130688827576214 -0.006076371400262441 0.007326141913822854 -0.06256483592849023 -0.7332684761322722 -0.11679796544047805 0.0 0.0 0.0 0.0
2.314832116796083 1.9057427508109868 0.12579007713460413 -0.04067155114534086 -0.12190119146551033 -0.28311062601763315 -0.5991007532868763 -0.635887962409258 -0.5310090368317417 -0.3839690943486132 -0.3204024183399691 -0.12172572814370781 0.019126445858785677 0.015582043451662326 0.019829494848429642 0.00791368031588065 0.009405636972609342 -0.0045731332607017216 0.00046276643608414794 0.004783505861352652 -0.03724332506427084 0.4169640552771688 0.4233453493288655 1.149757143400309 0.0 0.0 0.0
1.1066300534489995 -0.08026334096819657 -1.3593489414745434 2.322152995014134 1.5424967058756278 -0.7276736375099754 -0.8776523920450562 -0.6861969527276073 -0.5221169014046101 -0.5069565399743595 -0.42725311585439335 -0.20828861582015254 -0.1219602478336671 -0.033143406068451016 0.0019802373897275863 0.013054927770252385 -0.0011950457872745024 0.0004576433342848437 0.005212648875181417 -0.0006378445716596807 0.03292946159183635 -0.06253368641276842 -0.900676240828064 -0.6136598942753052 0.0 0.0 0.0
0.7825982147746944 0.043034481806314105 0.27781476059295446 0.1722386870094064 -0.4444287443768455 -0.634629114823191 -0.6987396665992168 -0.5136220531686521 -0.3542850091309101 -0.3562895319632204 -0.3676866953354334 -0.2916135103984443 -0.09397039060470111 -0.07487628321243808 -0.004556165110822199 0.0050318962040659665 0.00502830000078153 -0.002345154885743218 0.005217024315007616 -0.008006524632043821 -0.002128906237659071 0.03194111075748606 -0.10823735024679172 -1.103121609626382 0.0 0.0 0.0
-0.5013291208247871 -0.5304625451967718 -0.1778513223100397 2.280166464779229 0.897122574381908 0.1271184562893505 -0.0019242049737024727 -3.943306103719841e-05 0.03803664636542292 0.11378011891621231 0.04347459864337 -0.11245308453506214 -0.2208420269724307 -0.139229937157352 -0.01721815093455844 0.009609375860581996 -0.0025587386374326024 -0.0004456260409908631 0.0018468816299435664 0.005108869251313764 -0.0027693315097129263 0.005604569153642513 0.03339772868940815 0.042434888132826344 0.0 0.0 0.0
-1.0352814271876767 -0.993703384170779 -0.17874465489238478 0.910689800057906 0.7822436531532841 0.0458415628338217 -0.09824611740442311 -0.14713116997458017 -0.12269851575209087 -0.05869710756769231 -0.012327727926692195 -0.0288583984226766 -0.055472114031906126 -0.025538868282710563 0.0015187691526954861 0.011327307034342749 0.0024031555671631833 -0.008008774764423491 0.0018210588346280975 -0.0044644735600987695 0.004631431943508298 -0.004805471619480961 -0.005712806217394593 0.08974031288599053 0.0 0.0 0.0
0.0 0.0 0.0 0.0 0.0 0.0 0.0 0.0 0.0 0.0 0.0 0.0 0.0 0.0 0.0 0.0 0.0 0.0 0.0 0.0 0.0 0.0 0.0 0.0 0.0 0.0 0.0
0.0 0.0 0.0 0.0 0.0 0.0 0.0 0.0 0.0 0.0 0.0 0.0 0.0 0.0 0.0 0.0 0.0 0.0 0.0 0.0 0.0 0.0 0.0 0.0 0.0 0.0 0.0
0.0 0.0 0.0 0.0 0.0 0.0 0.0 0.0 0.0 0.0 0.0 0.0 0.0 0.0 0.0 0.0 0.0 0.0 0.0 0.0 0.0 0.0 0.0 0.0 0.0 0.0 0.0
0.0 0.0 0.0 0.0 0.0 0.0 0.0 0.0 0.0 0.0 0.0 0.0 0.0 0.0 0.0 0.0 0.0 0.0 0.0 0.0 0.0 0.0 0.0 0.0 0.0 0.0 0.0
0.0 0.0 0.0 0.0 0.0 0.0 0.0 0.0 0.0 0.0 0.0 0.0 0.0 0.0 0.0 0.0 0.0 0.0 0.0 0.0 0.0 0.0 0.0 0.0 0.0 0.0 0.0
0.0 0.0 0.0 0.0 0.0 0.0 0.0 0.0 0.0 0.0 0.0 0.0 0.0 0.0 0.0 0.0 0.0 0.0 0.0 0.0 0.0 0.0 0.0 0.0 0.0 0.0 0.0
0.0 0.0 0.0 0.0 0.0 0.0 0.0 0.0 0.0 0.0 0.0 0.0 0.0 0.0 0.0 0.0 0.0 0.0 0.0 0.0 0.0 0.0 0.0 0.0 0.0 0.0 0.0
0.0 0.0 0.0 0.0 0.0 0.0 0.0 0.0 0.0 0.0 0.0 0.0 0.0 0.0 0.0 0.0 0.0 0.0 0.0 0.0 0.0 0.0 0.0 0.0 0.0 0.0 0.0
0.0 0.0 0.0 0.0 0.0 0.0 0.0 0.0 0.0 0.0 0.0 0.0 0.0 0.0 0.0 0.0 0.0 0.0 0.0 0.0 0.0 0.0 0.0 0.0 0.0 0.0 0.0
0.0 0.0 0.0 0.0 0.0 0.0 0.0 0.0 0.0 0.0 0.0 0.0 0.0 0.0 0.0 0.0 0.0 0.0 0.0 0.0 0.0 0.0 0.0 0.0 0.0 0.0 0.0
0.0 0.0 0.0 0.0 0.0 0.0 0.0 0.0 0.0 0.0 0.0 0.0 0.0 0.0 0.0 0.0 0.0 0.0 0.0 0.0 0.0 0.0 0.0 0.0 0.0 0.0 0.0
0.0 0.0 0.0 0.0 0.0 0.0 0.0 0.0 0.0 0.0 0.0 0.0 0.0 0.0 0.0 0.0 0.0 0.0 0.0 0.0 0.0 0.0 0.0 0.0 0.0 0.0 0.0
0.0 0.0 0.0 0.0 0.0 0.0 0.0 0.0 0.0 0.0 0.0 0.0 0.0 0.0 0.0 0.0 0.0 0.0 0.0 0.0 0.0 0.0 0.0 0.0 0.0 0.0 0.0
0.0 0.0 0.0 0.0 0.0 0.0 0.0 0.0 0.0 0.0 0.0 0.0 0.0 0.0 0.0 0.0 0.0 0.0 0.0 0.0 0.0 0.0 0.0 0.0 0.0 0.0 0.0
0.0 0.0 0.0 0.0 0.0 0.0 0.0 0.0 0.0 0.0 0.0 0.0 0.0 0.0 0.0 0.0 0.0 0.0 0.0 0.0 0.0 0.0 0.0 0.0 0.0 0.0 0.0
0.0 0.0 0.0 0.0 0.0 0.0 0.0 0.0 0.0 0.0 0.0 0.0 0.0 0.0 0.0 0.0 0.0 0.0 0.0 0.0 0.0 0.0 0.0 0.0 0.0 0.0 0.0
0.0 0.0 0.0 0.0 0.0 0.0 0.0 0.0 0.0 0.0 0.0 0.0 0.0 0.0 0.0 0.0 0.0 0.0 0.0 0.0 0.0 0.0 0.0 0.0 0.0 0.0 0.0
0.0 0.0 0.0 0.0 0.0 0.0 0.0 0.0 0.0 0.0 0.0 0.0 0.0 0.0 0.0 0.0 0.0 0.0 0.0 0.0 0.0 0.0 0.0 0.0 0.0 0.0 0.0
0.0 0.0 0.0 0.0 0.0 0.0 0.0 0.0 0.0 0.0 0.0 0.0 0.0 0.0 0.0 0.0 0.0 0.0 0.0 0.0 0.0 0.0 0.0 0.0 0.0 0.0 0.0
0.0 0.0 0.0 0.0 0.0 0.0 0.0 0.0 0.0 0.0 0.0 0.0 0.0 0.0 0.0 0.0 0.0 0.0 0.0 0.0 0.0 0.0 0.0 0.0 0.0 0.0 0.0
0.0 0.0 0.0 0.0 0.0 0.0 0.0 0.0 0.0 0.0 0.0 0.0 0.0 0.0 0.0 0.0 0.0 0.0 0.0 0.0 0.0 0.0 0.0 0.0 0.0 0.0 0.0
0.0 0.0 0.0 0.0 0.0 0.0 0.0 0.0 0.0 0.0 0.0 0.0 0.0 0.0 0.0 0.0 0.0 0.0 0.0 0.0 0.0 0.0 0.0 0.0 0.0 0.0 0.0
0.0 0.0 0.0 0.0 0.0 0.0 0.0 0.0 0.0 0.0 0.0 0.0 0.0 0.0 0.0 0.0 0.0 0.0 0.0 0.0 0.0 0.0 0.0 0.0 0.0 0.0 0.0
0.0 0.0 0.0 0.0 0.0 0.0 0.0 0.0 0.0 0.0 0.0 0.0 0.0 0.0 0.0 0.0 0.0 0.0 0.0 0.0 0.0 0.0 0.0 0.0 0.0 0.0 0.0
0.0 0.0 0.0 0.0 0.0 0.0 0.0 0.0 0.0 0.0 0.0 0.0 0.0 0.0 0.0 0.0 0.0 0.0 0.0 0.0 0.0 0.0 0.0 0.0 0.0 0.0 0.0
0.0 0.0 0.0 0.0 0.0 0.0 0.0 0.0 0.0 0.0 0.0 0.0 0.0 0.0 0.0 0.0 0.0 0.0 0.0 0.0 0.0 0.0 0.0 0.0 0.0 0.0 0.0
0.0 0.0 0.0 0.0 0.0 0.0 0.0 0.0 0.0 0.0 0.0 0.0 0.0 0.0 0.0 0.0 0.0 0.0 0.0 0.0 0.0 0.0 0.0 0.0 0.0 0.0 0.0
0.0 0.0 0.0 0.0 0.0 0.0 0.0 0.0 0.0 0.0 0.0 0.0 0.0 0.0 0.0 0.0 0.0 0.0 0.0 0.0 0.0 0.0 0.0 0.0 0.0 0.0 0.0
0.0 0.0 0.0 0.0 0.0 0.0 0.0 0.0 0.0 0.0 0.0 0.0 0.0 0.0 0.0 0.0 0.0 0.0 0.0 0.0 0.0 0.0 0.0 0.0 0.0 0.0 0.0
0.0 0.0 0.0 0.0 0.0 0.0 0.0 0.0 0.0 0.0 0.0 0.0 0.0 0.0 0.0 0.0 0.0 0.0 0.0 0.0 0.0 0.0 0.0 0.0 0.0 0.0 0.0
0.0 0.0 0.0 0.0 0.0 0.0 0.0 0.0 0.0 0.0 0.0 0.0 0.0 0.0 0.0 0.0 0.0 0.0 0.0 0.0 0.0 0.0 0.0 0.0 0.0 0.0 0.0
0.0 0.0 0.0 0.0 0.0 0.0 0.0 0.0 0.0 0.0 0.0 0.0 0.0 0.0 0.0 0.0 0.0 0.0 0.0 0.0 0.0 0.0 0.0 0.0 0.0 0.0 0.0
0.0 0.0 0.0 0.0 0.0 0.0 0.0 0.0 0.0 0.0 0.0 0.0 0.0 0.0 0.0 0.0 0.0 0.0 0.0 0.0 0.0 0.0 0.0 0.0 0.0 0.0 0.0
0.0 0.0 0.0 0.0 0.0 0.0 0.0 0.0 0.0 0.0 0.0 0.0 0.0 0.0 0.0 0.0 0.0 0.0 0.0 0.0 0.0 0.0 0.0 0.0 0.0 0.0 0.0
0.0 0.0 0.0 0.0 0.0 0.0 0.0 0.0 0.0 0.0 0.0 0.0 0.0 0.0 0.0 0.0 0.0 0.0 0.0 0.0 0.0 0.0 0.0 0.0 0.0 0.0 0.0
0.0 0.0 0.0 0.0 0.0 0.0 0.0 0.0 0.0 0.0 0.0 0.0 0.0 0.0 0.0 0.0 0.0 0.0 0.0 0.0 0.0 0.0 0.0 0.0 0.0 0.0 0.0
0.0 0.0 0.0 0.0 0.0 0.0 0.0 0.0 0.0 0.0 0.0 0.0 0.0 0.0 0.0 0.0 0.0 0.0 0.0 0.0 0.0 0.0 0.0 0.0 0.0 0.0 0.0
0.0 0.0 0.0 0.0 0.0 0.0 0.0 0.0 0.0 0.0 0.0 0.0 0.0 0.0 0.0 0.0 0.0 0.0 0.0 0.0 0.0 0.0 0.0 0.0 0.0 0.0 0.0
0.0 0.0 0.0 0.0 0.0 0.0 0.0 0.0 0.0 0.0 0.0 0.0 0.0 0.0 0.0 0.0 0.0 0.0 0.0 0.0 0.0 0.0 0.0 0.0 0.0 0.0 0.0
0.0 0.0 0.0 0.0 0.0 0.0 0.0 0.0 0.0 0.0 0.0 0.0 0.0 0.0 0.0 0.0 0.0 0.0 0.0 0.0 0.0 0.0 0.0 0.0 0.0 0.0 0.0
0.0 0.0 0.0 0.0 0.0 0.0 0.0 0.0 0.0 0.0 0.0 0.0 0.0 0.0 0.0 0.0 0.0 0.0 0.0 0.0 0.0 0.0 0.0 0.0 0.0 0.0 0.0
0.0 0.0 0.0 0.0 0.0 0.0 0.0 0.0 0.0 0.0 0.0 0.0 0.0 0.0 0.0 0.0 0.0 0.0 0.0 0.0 0.0 0.0 0.0 0.0 0.0 0.0 0.0
0.0 0.0 0.0 0.0 0.0 0.0 0.0 0.0 0.0 0.0 0.0 0.0 0.0 0.0 0.0 0.0 0.0 0.0 0.0 0.0 0.0 0.0 0.0 0.0 0.0 0.0 0.0
0.0 0.0 0.0 0.0 0.0 0.0 0.0 0.0 0.0 0.0 0.0 0.0 0.0 0.0 0.0 0.0 0.0 0.0 0.0 0.0 0.0 0.0 0.0 0.0 0.0 0.0 0.0
0.0 0.0 0.0 0.0 0.0 0.0 0.0 0.0 0.0 0.0 0.0 0.0 0.0 0.0 0.0 0.0 0.0 0.0 0.0 0.0 0.0 0.0 0.0 0.0 0.0 0.0 0.0
0.0 0.0 0.0 0.0 0.0 0.0 0.0 0.0 0.0 0.0 0.0 0.0 0.0 0.0 0.0 0.0 0.0 0.0 0.0 0.0 0.0 0.0 0.0 0.0 0.0 0.0 0.0
0.0 0.0 0.0 0.0 0.0 0.0 0.0 0.0 0.0 0.0 0.0 0.0 0.0 0.0 0.0 0.0 0.0 0.0 0.0 0.0 0.0 0.0 0.0 0.0 0.0 0.0 0.0
0.0 0.0 0.0 0.0 0.0 0.0 0.0 0.0 0.0 0.0 0.0 0.0 0.0 0.0 0.0 0.0 0.0 0.0 0.0 0.0 0.0 0.0 0.0 0.0 0.0 0.0 0.0
0.0 0.0 0.0 0.0 0.0 0.0 0.0 0.0 0.0 0.0 0.0 0.0 0.0 0.0 0.0 0.0 0.0 0.0 0.0 0.0 0.0 0.0 0.0 0.0 0.0 0.0 0.0
0.0 0.0 0.0 0.0 0.0 0.0 0.0 0.0 0.0 0.0 0.0 0.0 0.0 0.0 0.0 0.0 0.0 0.0 0.0 0.0 0.0 0.0 0.0 0.0 0.0 0.0 0.0
0.0 0.0 0.0 0.0 0.0 0.0 0.0 0.0 0.0 0.0 0.0 0.0 0.0 0.0 0.0 0.0 0.0 0.0 0.0 0.0 0.0 0.0 0.0 0.0 0.0 0.0 0.0
#