#UF3 POT
3B 0 3 nk
10.0 5.0 5.0 31 19 19
0.5 0.5 0.5 0.5 0.81499999999999995 1.1300000000000001 1.4025575637437293 1.5854767806552896 1.7383024314125708 1.8799999999999999 2.0216975685874292 2.1745232193447102 2.3574424362562705 2.6299999999999999 3.1564285714285711 3.6828571428571424 4.2092857142857136 4.7357142857142858 5.262142857142857 5.7885714285714283 6.3149999999999995 6.8414285714285707 7.3678571428571429 7.8942857142857141 8.4207142857142863 8.9471428571428575 9.4735714285714288 10 10 10 10
0.5 0.5 0.5 0.5 0.87749999999999995 1.2549999999999999 1.5779947882355112 1.7859416975004274 1.9740583024995724 2.1820052117644884 2.5049999999999999 3.004 3.5030000000000001 4.0019999999999998 4.5010000000000003 5 5 5 5
0.5 0.5 0.5 0.5 0.78500000000000003 1.0673902951275047 1.2510502460552804 1.4099999999999999 1.5689497539447197 1.7526097048724951 2.0349999999999997 2.6280000000000001 3.2210000000000001 3.8140000000000001 4.407 5 5 5 5
15 15 27
3.7586833717569905 4.221315798759121 -3.118647497176346 -0.394061093836104 1.174999286042832 -5.127911267152843 -1.322390437999419 -2.6869958418753677 0.0 0.0 0.0 0.0 0.0 0.0 0.0 0.0 0.0 0.0 0.0 0.0 0.0 0.0 0.0 0.0 0.0 0.0 0.0
-4.764710859317119 -3.94667208280148 -2.276987025682181 -1.5545145153755353 -0.07714951060436644 -2.2798080465902992 -1.3695198278988727 -3.547180173073029 -0.06886906446214562 -0.6605935652985913 0.20765732091901828 0.0 0.0 0.0 0.0 0.0 0.0 0.0 0.0 0.0 0.0 0.0 0.0 0.0 0.0 0.0 0.0
0.053512721079170066 0.2699945672972863 -4.06610237094514 -3.575372483859524 0.666941365750303 -1.8732554805623767 0.7839198753145574 2.372796943735557 -2.24743621589327 0.13159708880178886 -2.482528637630038 1.4063433062321054 3.2501119033303034 0.0 0.0 0.0 0.0 0.0 0.0 0.0 0.0 0.0 0.0 0.0 0.0 0.0 0.0
-2.6067191966158254 3.2326061789767744 4.810595619292327 3.6881802505293084 5.372076403361966 3.58530312635167 -2.382073993565773 -2.2522408003712284 -3.1395734241716684 0.2960331388810051 -2.068920633005754 1.9322109084258745 -2.032384393174507 0.0 0.0 0.0 0.0 0.0 0.0 0.0 0.0 0.0 0.0 0.0 0.0 0.0 0.0
-1.898488326463921 1.0230659071893917 2.336571911147423 3.9149352116493388 0.8439252635992172 1.7095083779521953 -1.1046959928861972 1.7532362217651332 -0.7421022688773491 -1.3589128702835624 -0.3237666333490729 -1.2067145503929602 -0.000645752159577125 -1.002650143062343 0.0 0.0 0.0 0.0 0.0 0.0 0.0 0.0 0.0 0.0 0.0 0.0 0.0
-4.413042321537983 1.611489062679724 1.6508939334446233 -0.6245449995483573 0.452202536518794 -1.7410539150174993 -4.217608744134832 0.19425292335940275 -1.300179780089613 2.414056235749968 -1.1241624384907647 3.053442761334074 -0.2830598100595492 -0.12959297118143456 0.0 0.0 0.0 0.0 0.0 0.0 0.0 0.0 0.0 0.0 0.0 0.0 0.0
2.457043110488446 -2.8771393363864592 2.324119238129704 -0.6643699284527164 -0.8115200155805414 -1.0395490161112677 2.5715650217264012 0.628564093145423 1.0706307655951397 3.173918144800006 1.7925746075730271 2.2120349805306274 1.8977130798278834 -0.37164036965670905 1.5716401491406642 0.0 0.0 0.0 0.0 0.0 0.0 0.0 0.0 0.0 0.0 0.0 0.0
0.0 -2.046525788131072 -3.9965252100885382 -2.6488556401317584 -3.9546952624193565 -2.157754235465144 2.9482555666901655 -1.3492410696247275 1.684907272538154 -2.3204932651621366 0.9224993514314526 2.3470409454912855 0.04990199599483667 0.9958032008825676 -6.250270796589153 0.6131912624916451 0.0 0.0 0.0 0.0 0.0 0.0 0.0 0.0 0.0 0.0 0.0
0.0 0.0 2.3005372084948905 2.883769753114171 0.06060771917873842 0.7612430905969473 0.40634950087609534 -0.4335529843590991 3.1586685909205197 -0.5723058377652809 -3.373659775075043 -1.9267529942203496 1.5517444395702662 3.8094484366296713 -0.09267919213784628 1.6298508411074273 4.64160550969985 0.0 0.0 0.0 0.0 0.0 0.0 0.0 0.0 0.0 0.0
0.0 0.0 2.3313264724804617 1.7036777467669588 3.348125105423063 -1.2069744688188968 4.292709912874859 1.43872788731403 1.3448706411709765 4.410967037740914 -2.810193398552306 0.011436181686316216 -2.6131918906335154 0.3803040076233329 0.6487594749646058 1.3129230661569908 -2.306408321724529 -1.8524929541522606 0.0 0.0 0.0 0.0 0.0 0.0 0.0 0.0 0.0
0.0 0.0 0.0 0.0 -1.8090329593949805 -2.308748078363353 1.5570777563582425 0.3945974449382117 0.46858690697672106 -2.6285078483876276 -2.7097243597594787 0.05156424408695734 -3.005780252473543 -1.4207135115791893 2.276733696302091 0.9809825173784552 -0.7042688166776468 0.6271741312274477 -2.9104441649898978 0.0 0.0 0.0 0.0 0.0 0.0 0.0 0.0
0.0 0.0 0.0 0.0 0.0 0.0 0.0 0.0 0.9519967683427298 -1.6218741717994452 -2.2879397960412247 4.4021738483865915 -3.1922402558191307 3.319482871495638 5.046200366116161 0.559510450394882 -2.502428748366455 1.555866914838042 0.277192757144028 0.0 0.0 0.0 0.0 0.0 0.0 0.0 0.0
0.0 0.0 0.0 0.0 0.0 0.0 0.0 0.0 0.0 0.0 0.0 0.0 0.0 0.0 0.0 0.0 0.0 0.0 0.0 0.0 0.0 0.0 0.0 0.0 0.0 0.0 0.0
0.0 0.0 0.0 0.0 0.0 0.0 0.0 0.0 0.0 0.0 0.0 0.0 0.0 0.0 0.0 0.0 0.0 0.0 0.0 0.0 0.0 0.0 0.0 0.0 0.0 0.0 0.0
0.0 0.0 0.0 0.0 0.0 0.0 0.0 0.0 0.0 0.0 0.0 0.0 0.0 0.0 0.0 0.0 0.0 0.0 0.0 0.0 0.0 0.0 0.0 0.0 0.0 0.0 0.0
2.729600585473031 -0.15497249063913252 -3.9703114875531473 -1.5356257032433565 -1.6324101624982987 6.466019611858306 1.1981403294145159 -2.662353707184522 2.475437509859518 0.21000109891880078 0.0 0.0 0.0 0.0 0.0 0.0 0.0 0.0 0.0 0.0 0.0 0.0 0.0 0.0 0.0 0.0 0.0
-2.666435210042926 -0.07341382090238732 1.0347904114033124 0.4780202710170916 4.313348881532231 2.6157283316053253 3.115248122903663 0.34318684255858567 -1.4338140222517373 3.0267688356101368 -5.968666601461268 0.08083293823200724 0.0 0.0 0.0 0.0 0.0 0.0 0.0 0.0 0.0 0.0 0.0 0.0 0.0 0.0 0.0
3.448876787857894 -2.684358616123628 -3.739412212220226 3.402131372060842 -0.9610589443110301 1.7895317781128728 -2.935316345166558 3.483337264868738 3.543735812846734 -4.554437196065979 1.3398406844706439 -0.6255234142430263 -0.7245178625140205 6.18073978191064 0.0 0.0 0.0 0.0 0.0 0.0 0.0 0.0 0.0 0.0 0.0 0.0 0.0
3.721002828227585 -1.4490599001712972 -2.1315435097413684 -1.5198142147853977 -5.35347040872185 -2.347362410513739 -1.7108930401099207 0.15494540529398515 -0.2618455061343589 -0.4096252951421261 3.7193752985118684 -0.7383262629991766 2.701072088022847 1.8463200182885975 0.0 0.0 0.0 0.0 0.0 0.0 0.0 0.0 0.0 0.0 0.0 0.0 0.0
-4.2421457841539825 -2.7117169696042174 2.3818077927255037 -4.2650302410646255 -1.6774639769568047 -3.3502430767653126 5.60461445615753 6.06703648100824 -0.5417179720183819 -3.4761019290357904 -0.85082557205127 -1.3912607550990688 -1.5973157683666948 -2.731360170819846 0.0 0.0 0.0 0.0 0.0 0.0 0.0 0.0 0.0 0.0 0.0 0.0 0.0
0.2509323420498561 1.4726962183733765 2.594896155130658 -0.5682254389917253 0.47561430957946893 0.09820724553915508 -1.0386512240848507 -3.1924906931975 -7.033550046888196 -5.040527165973003 -0.2945697895683063 2.631130501988102 0.9075758809070088 -0.8544257765013797 0.687425794004331 0.0 0.0 0.0 0.0 0.0 0.0 0.0 0.0 0.0 0.0 0.0 0.0
3.151696569625346 -0.1116717443944897 4.16271956953213 0.8240452401154741 -5.6370623756879334 -0.9397375713342355 0.13455982626288543 -1.3627134444296944 5.68555207949275 1.5431641610673372 -1.5189568323872942 1.4023569473521131 5.480146994321758 0.05569326818983644 -4.601578004230699 0.0 0.0 0.0 0.0 0.0 0.0 0.0 0.0 0.0 0.0 0.0 0.0
-4.674443060911178 -1.79123408474341 -0.49136251170711814 0.6935524808730822 2.4418438628848946 1.6732628949040345 3.1516826489664655 5.216190075325109 1.927461202230209 -0.47788717603394243 1.1523544565343915 -1.951225614437731 -3.00385912388648 -0.890948497920127 4.263151870972088 -1.358326403610842 0.0 0.0 0.0 0.0 0.0 0.0 0.0 0.0 0.0 0.0 0.0
0.0 -1.0045208229473743 5.254326136047526 4.470746333727694 -1.7649481754753826 0.5778682463190933 -3.954119597618363 -4.661709332685288 0.5545116197650949 4.44123167877502 5.171798453808151 -2.178672955295659 -0.9470585741648688 1.4290241451261751 -1.5322564098624307 -1.202455836874504 0.7578390359866325 0.0 0.0 0.0 0.0 0.0 0.0 0.0 0.0 0.0 0.0
0.0 2.411069837785818 0.6218201090293684 3.340582223948697 -1.7678367384157985 -1.4813134092725928 3.5596266257538876 -1.3357873363200243 -1.4176649564110995 0.886398236507258 1.7362114433939277 0.7604324606362928 1.2652524691692757 1.5553103262979668 -4.143047576633207 -7.409692262023254 0.11639565422754844 -0.740159006626726 0.0 0.0 0.0 0.0 0.0 0.0 0.0 0.0 0.0
0.0 0.0 0.0 -0.704236016358378 0.1448655094164173 -4.071197217063492 1.1320440646995016 -0.04731917399915463 -0.8531865250489937 0.9041490548259424 -1.9508852469674587 0.9369269892623646 2.2816749082583807 3.3959025170950548 -4.998790770588389 -1.2564764030590714 -1.3508672446402474 -3.201439039713699 -0.09815862528501793 0.0 0.0 0.0 0.0 0.0 0.0 0.0 0.0
0.0 0.0 0.0 0.0 0.0 0.0 -1.9021639112222706 0.7892030725623124 1.4679638429046644 -0.4698792933946844 1.5373374811332645 -3.111434741452545 -1.797428562149253 -1.1550834543515491 0.6111573187243701 9.213003854728921 4.775571432175893 2.830287934216504 4.410339510675793 -2.8743874224611545 0.0 0.0 0.0 0.0 0.0 0.0 0.0
0.0 0.0 0.0 0.0 0.0 0.0 0.0 0.0 0.0 0.0 0.0 0.0 0.0 0.0 0.0 0.0 0.0 0.0 0.0 0.0 0.0 0.0 0.0 0.0 0.0 0.0 0.0
0.0 0.0 0.0 0.0 0.0 0.0 0.0 0.0 0.0 0.0 0.0 0.0 0.0 0.0 0.0 0.0 0.0 0.0 0.0 0.0 0.0 0.0 0.0 0.0 0.0 0.0 0.0
0.0 0.0 0.0 0.0 0.0 0.0 0.0 0.0 0.0 0.0 0.0 0.0 0.0 0.0 0.0 0.0 0.0 0.0 0.0 0.0 0.0 0.0 0.0 0.0 0.0 0.0 0.0
1.091029530417761 2.168574321099087 -2.7627611208014207 -0.08349667089974774 -1.4309153850110363 0.8632275423262684 0.07388504009544537 1.7623674721712044 -2.3712510827854616 0.4549713627556799 3.5684033184225292 0.0 0.0 0.0 0.0 0.0 0.0 0.0 0.0 0.0 0.0 0.0 0.0 0.0 0.0 0.0 0.0
0.009161036479441203 0.5024177504914109 -0.8948212358645392 -1.0249440807087247 -1.4174872237910427 -0.5931248810605613 -1.1067713349986326 -0.37333311564580046 1.7653283349037039 2.1559249588295795 0.16847035300323723 2.9319739281413306 -1.9973301437318332 0.0 0.0 0.0 0.0 0.0 0.0 0.0 0.0 0.0 0.0 0.0 0.0 0.0 0.0
-1.9850529658148162 2.078545589918348 -3.031563584783421 -1.1394415308760721 0.6376219566519037 -4.056991161236275 0.18054067133955995 -0.6404684558965583 -0.4043859228011612 -1.980206749983441 -0.2192616206300954 -0.4792117181895767 -0.8230065312392337 0.7468993136666422 0.0 0.0 0.0 0.0 0.0 0.0 0.0 0.0 0.0 0.0 0.0 0.0 0.0
-2.1655235309777066 -0.6371233028040503 0.47240094478002637 -0.17256985463116578 -1.512864228851049 3.5217541295911103 1.9830443857655353 -2.999544211147647 -0.21304591682653576 1.247461493074569 -0.5489465800660197 2.7994041613694383 1.7400335351931457 2.123404916699895 0.0 0.0 0.0 0.0 0.0 0.0 0.0 0.0 0.0 0.0 0.0 0.0 0.0
2.975188506635886 -0.47230373813194604 -0.4101191260196706 0.8489318523970888 -0.7602036890453363 4.191372144587127 3.241436701782149 0.8771034116380387 -1.8840446014483068 -1.6992670925668008 1.0993296885088746 3.55272293506509 2.060230040199583 -1.3527857664522693 -1.0079002672834974 0.0 0.0 0.0 0.0 0.0 0.0 0.0 0.0 0.0 0.0 0.0 0.0
1.2877604338676172 1.3480297440839295 -4.06747774698738 -2.996750392790769 -4.613888661342893 3.281964313069881 5.256335609255509 -3.532560838516415 0.44804933598313373 2.8238725356198517 -2.299248134518135 2.231514158967986 -0.750679029125573 -3.196131412927825 -2.7479651594564505 0.0 0.0 0.0 0.0 0.0 0.0 0.0 0.0 0.0 0.0 0.0 0.0
0.781559907522485 3.723331951279656 5.467404780749186 1.9087937439441183 2.666319034434778 -0.2488235219696968 2.6283497821622537 2.2493756134800615 2.2602813011105427 -0.8588225670954873 -0.5862046328838517 -4.726003887462202 -0.34138880129101784 4.2111565267662225 -2.255176622454675 -3.885090488346691 0.0 0.0 0.0 0.0 0.0 0.0 0.0 0.0 0.0 0.0 0.0
-1.6896234557959378 -2.6783253508263902 -0.535493049172101 -2.9663506060602214 1.0745481468550573 3.408848366001005 -1.8347019131478306 0.9371359721509989 1.2657548458739432 -0.36326658760405206 1.4111496204384693 3.717266939313871 1.81280334086561 2.560922192464147 2.1428920716303237 4.016368199672906 1.29194314780008 0.0 0.0 0.0 0.0 0.0 0.0 0.0 0.0 0.0 0.0
2.9104276680463297 -1.195538328904196 -1.6962516838934272 -0.6699247909598525 -0.261152544453301 1.4829027162442985 1.0192845243773778 2.2961626515023696 -0.812822903020031 -1.2020915194206614 -3.769059140483867 -1.5904951049049234 -2.5269951946949982 -2.1767624930110534 1.1844833603880858 1.0633045103636476 -2.9121298336223522 -0.386055285361086 0.0 0.0 0.0 0.0 0.0 0.0 0.0 0.0 0.0
0.0 -0.5921619934531424 -2.2360665472154575 -0.6519142141745535 0.782809515994531 0.7174575631931345 3.0690309952120742 -0.1520139580159378 1.6732889883300666 -1.40774441199359 0.6888598936091507 -3.592471011025832 -1.792243309152682 2.938495235784294 -2.4383108726781595 0.9584494571655985 -2.8346116228576888 -3.284170659201195 0.0 0.0 0.0 0.0 0.0 0.0 0.0 0.0 0.0
0.0 0.0 -1.6855843281151297 0.9127854372166462 -0.7094423128052749 0.042364282381625235 -1.4543882107850787 -1.5739777309569125 3.1834808427773855 3.8878323953394465 -1.3888296079119578 -1.607008397142022 -2.0607684154051196 -2.078907327485334 -0.38867617535513577 0.44778531300840513 2.0102546223856006 2.9419059256256106 -3.4419111602850863 0.0 0.0 0.0 0.0 0.0 0.0 0.0 0.0
0.0 0.0 0.0 0.0 0.0 -1.9607579191717328 -4.273176982760268 -2.2167574046376735 -1.5522048775723478 -0.5202083129287223 4.708395042783935 -1.8055936064958364 0.9092522729195783 0.2507144394679374 -0.2521544859889476 -1.3239078946089955 0.36094496914362484 0.4729760497746495 0.3244738604962337 -0.5038950297816459 0.0 0.0 0.0 0.0 0.0 0.0 0.0
0.0 0.0 0.0 0.0 0.0 0.0 0.0 0.0 0.0 0.0 0.0 0.0 0.0 0.0 0.0 0.0 0.0 0.0 0.0 0.0 0.0 0.0 0.0 0.0 0.0 0.0 0.0
0.0 0.0 0.0 0.0 0.0 0.0 0.0 0.0 0.0 0.0 0.0 0.0 0.0 0.0 0.0 0.0 0.0 0.0 0.0 0.0 0.0 0.0 0.0 0.0 0.0 0.0 0.0
0.0 0.0 0.0 0.0 0.0 0.0 0.0 0.0 0.0 0.0 0.0 0.0 0.0 0.0 0.0 0.0 0.0 0.0 0.0 0.0 0.0 0.0 0.0 0.0 0.0 0.0 0.0
-3.5905820787346454 -2.578992697688712 0.5067724748445815 0.29428457350554243 0.2918069606723844 -0.36769163786282627 1.6090365231625423 2.1035193898451348 0.4820283657884526 0.14977469053287154 0.6368375899658234 -3.0803954869626464 0.0 0.0 0.0 0.0 0.0 0.0 0.0 0.0 0.0 0.0 0.0 0.0 0.0 0.0 0.0
1.4300554107955588 -0.8906708894826048 -2.2849257305997654 -0.4631838995783691 -3.861490814626537 2.3471384072061614 -1.0127473313189828 -1.0860062099700132 -0.7019413045265731 -0.6549650651110747 -2.978399412756152 -1.1758100832432201 0.2858184013827591 1.1891306215571207 0.0 0.0 0.0 0.0 0.0 0.0 0.0 0.0 0.0 0.0 0.0 0.0 0.0
0.2547441023077348 -1.778445057429841 0.6015869938597146 1.57982760047768 -0.3364997719433902 0.12094838212901292 -0.7155175503579306 -0.4160466381521949 -1.2245975922624912 -3.502100989624496 -5.113928857823925 -3.6221759963214963 -4.565663219821921 -1.3649457579306736 0.0 0.0 0.0 0.0 0.0 0.0 0.0 0.0 0.0 0.0 0.0 0.0 0.0
-4.3789721116299285 -5.829912877006313 0.17935116582206986 -4.025622024683567 2.4117785209093596 2.1763240357008775 -1.435283313147148 -1.5334774386714285 0.9406252584456748 -0.47698994386297094 2.435855545100914 3.41893341991237 1.2321530164128494 -1.5386773710708923 -3.5091213172964557 0.0 0.0 0.0 0.0 0.0 0.0 0.0 0.0 0.0 0.0 0.0 0.0
4.604834409923888 2.6606804975919003 -2.2563359108204692 -0.17883317062439882 0.041707630114006536 -1.288385805469341 1.0057990535939825 1.6593657486055904 0.43900358906419173 1.6905537118282832 0.5147269730462327 0.7890980804091902 -0.44761555282067705 -0.8872983095318123 2.6970107178239977 0.0 0.0 0.0 0.0 0.0 0.0 0.0 0.0 0.0 0.0 0.0 0.0
-4.889516039511396 -1.7950847071966527 0.7173517268625551 -0.7697103311304403 -0.443849723989286 3.376039806778925 -1.6855572262291367 2.992481998639191 3.0961325713894463 3.9485554208306626 0.4587054976003918 -6.955348269699413 0.6479317801559243 -0.8838630778956502 -2.458470200553095 0.0 0.0 0.0 0.0 0.0 0.0 0.0 0.0 0.0 0.0 0.0 0.0
1.2059774411355189 0.4906679777206988 -1.4421321815145633 0.8457149867145866 3.5040460156338336 -0.15059140793596673 -0.7638336425221488 -2.216567725629866 -0.019389351774137243 2.55844901978625 5.071966566651507 6.540011057525857 -1.2995793798097017 -2.196682566703782 -1.3007931840138685 -0.4300394409553591 0.0 0.0 0.0 0.0 0.0 0.0 0.0 0.0 0.0 0.0 0.0
1.4265800200271497 1.1732721235541883 -5.351946340170502 -1.4558067694158028 -0.4221530671785349 1.0603268924553038 -0.8125294002244055 -1.6355231972145579 -2.0610094683901594 0.7986449240694516 1.0913332880846855 -2.1826568008923 -5.547752566276375 -1.7041864809704523 2.1387819598516615 6.400545090392044 5.791113342017941 0.0 0.0 0.0 0.0 0.0 0.0 0.0 0.0 0.0 0.0
5.683766773754587 2.8012737960214746 -0.14817123826212672 0.9405302140910995 -0.748486394915209 -3.2542147681511295 -2.2178348393380056 -3.3498127662095816 -2.029929085657609 2.6089234287310403 4.206428097808899 2.969744224608375 -1.8543487702582295 0.9058092957394904 -1.8598827954208126 -10.32853819869047 -7.0552811608408135 -1.7356558269704776 0.0 0.0 0.0 0.0 0.0 0.0 0.0 0.0 0.0
0.48916597961176517 5.523823583895237 4.8604736610780845 0.8806507392511568 -1.6133167870648475 0.38838045857752973 -4.11949595597017 -2.281523909353814 1.1692752893825336 2.9041770028268634 2.236495589339026 -0.13222606486478436 1.3472346544819394 0.06948651688669413 0.5472438206521968 -0.3619152442745534 -4.909866531493404 -3.352065631484768 1.5999397850352373 0.0 0.0 0.0 0.0 0.0 0.0 0.0 0.0
0.0 0.23561459069807483 -1.4089745757980474 -1.3090197050864152 1.0401074773205492 -4.137343123636987 -4.35954289502608 0.49991376295418316 4.047807602157998 2.1935424771557726 1.2018876182491807 0.8218092139665228 -0.27182143331878206 -0.03923354551500679 -0.14018361634392856 0.4079689906128319 -1.4956774259898724 4.26388242299829 5.2382749317986015 0.7781739753094994 0.0 0.0 0.0 0.0 0.0 0.0 0.0
0.0 0.0 0.0 0.0 -2.641700480213534 -2.9604858726903505 -1.950363436261902 -1.1600897077670471 0.36751390287272845 -4.094627818373143 -0.12182308554512486 5.6676575894291785 0.807647661232739 -0.663663789925957 -0.02794119062680159 0.053526400453045686 0.294756910894637 -0.02304671821769783 1.337574059923957 -0.014106019784763984 -1.5842608946342847 0.0 0.0 0.0 0.0 0.0 0.0
0.0 0.0 0.0 0.0 0.0 0.0 0.0 0.0 0.0 0.0 0.0 0.0 0.0 0.0 0.0 0.0 0.0 0.0 0.0 0.0 0.0 0.0 0.0 0.0 0.0 0.0 0.0
0.0 0.0 0.0 0.0 0.0 0.0 0.0 0.0 0.0 0.0 0.0 0.0 0.0 0.0 0.0 0.0 0.0 0.0 0.0 0.0 0.0 0.0 0.0 0.0 0.0 0.0 0.0
0.0 0.0 0.0 0.0 0.0 0.0 0.0 0.0 0.0 0.0 0.0 0.0 0.0 0.0 0.0 0.0 0.0 0.0 0.0 0.0 0.0 0.0 0.0 0.0 0.0 0.0 0.0
-1.1444347199569398 -1.1269916077278728 -0.8735068719207367 -0.8237369514347016 -4.693603417031666 -0.9192152916728427 -0.26737439855856243 1.0019924767375692 1.9583238712319735 -1.3882700145033944 -1.4434351569016164 -1.9906060341232574 -0.8139096059073603 0.0 0.0 0.0 0.0 0.0 0.0 0.0 0.0 0.0 0.0 0.0 0.0 0.0 0.0
-3.2397100091417497 -0.4599083691839357 -0.07697462979536503 0.3909766170221804 2.986406171629573 0.39171695165088394 0.8781334366984128 0.11637287567016026 -2.0194262414885547 0.6985285744073512 -2.1368326991152755 -0.823003602770804 -0.47078267767627185 -0.26160738863524724 0.0 0.0 0.0 0.0 0.0 0.0 0.0 0.0 0.0 0.0 0.0 0.0 0.0
-0.1666940475443445 -2.150995236958192 -2.177990878416853 1.2670654165512565 -1.575850669339729 2.161171544829011 3.424487894659201 -0.433597881006926 1.0772997383262006 -1.0045157901598438 0.4016127849752657 -0.3167280804374636 1.3037625265871617 -0.05820980759939513 0.0 0.0 0.0 0.0 0.0 0.0 0.0 0.0 0.0 0.0 0.0 0.0 0.0
0.29344938486624145 2.9903513019662835 0.9837514109408935 1.682835228608256 0.49195817835137007 -0.5281226930062561 -1.3618479089754956 -1.0939116574196188 -0.8450394385770791 1.8080058250775113 0.7255780281277476 -1.9526660292115745 -4.850433368863344 -6.855160676891276 -7.328612585961866 0.0 0.0 0.0 0.0 0.0 0.0 0.0 0.0 0.0 0.0 0.0 0.0
-5.268644701016914 -0.1950523798865339 -0.32328632085955566 2.327750978154208 3.5614969673074226 -0.9211168153759665 1.1336716279212236 -0.2621115898777369 0.9617769466276739 0.7410332608660883 1.576402797995164 0.3484637500714734 -3.3969312877283837 -0.867698380570397 -1.9436619887553617 0.0 0.0 0.0 0.0 0.0 0.0 0.0 0.0 0.0 0.0 0.0 0.0
-0.5709740704616284 0.7875519914032575 1.6840509925563778 0.8910941677282577 5.010136517484425 4.06361152193713 2.848764905773184 1.1682434732909346 -0.1550467800464036 -2.4453592281542758 -3.2328767303445396 -2.882283257001928 -1.9575706768826804 -0.9052408255328078 -0.059212639003033925 0.7070683563541126 0.0 0.0 0.0 0.0 0.0 0.0 0.0 0.0 0.0 0.0 0.0
0.3687127575540419 -2.988630154514535 0.6242169681592861 -0.1982461677945208 0.16522307194460106 0.035472483625023046 -1.1449761728721375 -0.3786506581418429 0.7809718922677552 1.1727339063406412 0.49531226495397257 -0.589466248567955 0.945671725506865 4.136030371157954 -1.0941998930246133 0.43105571308925095 0.0 0.0 0.0 0.0 0.0 0.0 0.0 0.0 0.0 0.0 0.0
-0.7212413237896514 0.3381467274530231 0.6456151880019633 -0.844000612234292 0.49705104850167686 -0.17817898469495297 3.6863225688223977 3.5139753338203628 2.519283354110466 2.8949815557699106 2.0926557778932846 0.5852325654103108 -2.474884084462159 -2.8507469389238893 -4.2515299005822325 -2.3707273882347377 -3.347831975458076 0.0 0.0 0.0 0.0 0.0 0.0 0.0 0.0 0.0 0.0
-2.375990600382992 0.5475039134753008 0.9369737602859853 0.5185501273145883 1.6772493465273455 1.612024610807641 2.2649859817094593 2.779766267364989 1.8499851163243357 -0.6851207582513297 -0.9621953191506144 0.4093286937978043 1.4815848020301887 0.33145479856215404 -0.05545771457806625 -0.5670553039481365 -1.448844856345367 -1.499949077800764 0.0 0.0 0.0 0.0 0.0 0.0 0.0 0.0 0.0
-1.8576510168241671 -1.7701910739358873 -1.4043995947805719 -1.15586632262197 -2.883114843289912 -2.818262461227361 0.9831912182023286 1.4422026294884465 0.5011733681111444 -0.05975130739399548 -0.3750868024595611 -0.3447914530372982 -0.07472196030356833 -0.027152118522410593 -0.03487436419733616 0.10185773243222564 -0.6738375227350504 4.578133481509437 3.2927666545000553 0.0 0.0 0.0 0.0 0.0 0.0 0.0 0.0
0.0 -0.3215759818877189 2.5461383716189046 2.791853304300457 2.2668609162670292 0.1938326830549687 -0.8269937989078145 -0.012427457621263797 1.1669365939924592 0.6882437478340109 0.3338087461937619 -0.018712422757854782 -0.23164473435264582 -0.2075979794592219 -0.01654965320582816 0.03860158517788329 -0.018381243829960377 0.10661428166082883 -0.3709140938134976 -2.00664062055648 0.0 0.0 0.0 0.0 0.0 0.0 0.0
0.0 0.0 0.0 -0.7144800283047141 1.774377960484937 -1.6443679200790804 0.14509876246151499 -3.9875475818795265 -5.2371381200013225 1.653021141411497 4.0502167013581385 1.8273696819483842 0.6084798138300617 0.13268267904576855 0.041533335790576185 0.04651062852419763 0.016378247856759884 0.04326187741283937 0.2122854388599167 1.8625241849065666 3.0122438448525424 0.0 0.0 0.0 0.0 0.0 0.0
0.0 0.0 0.0 0.0 0.0 0.0 0.0 0.0 0.0 0.0 0.0 0.0 0.0 0.0 0.0 0.0 0.0 0.0 0.0 0.0 0.0 0.0 0.0 0.0 0.0 0.0 0.0
0.0 0.0 0.0 0.0 0.0 0.0 0.0 0.0 0.0 0.0 0.0 0.0 0.0 0.0 0.0 0.0 0.0 0.0 0.0 0.0 0.0 0.0 0.0 0.0 0.0 0.0 0.0
0.0 0.0 0.0 0.0 0.0 0.0 0.0 0.0 0.0 0.0 0.0 0.0 0.0 0.0 0.0 0.0 0.0 0.0 0.0 0.0 0.0 0.0 0.0 0.0 0.0 0.0 0.0
2.6426692297462306 2.265025725696249 2.392944431847921 0.571874942000653 -3.4256101598154656 -1.5663492507033676 0.5991324692184113 1.4912193757249197 1.301586785370501 1.1329840169721574 4.310560100612504 0.08514644498963118 2.3847433647586844 1.3703456286290252 0.0 0.0 0.0 0.0 0.0 0.0 0.0 0.0 0.0 0.0 0.0 0.0 0.0
-0.3095146741778198 0.8350957195801689 1.8804968053813755 0.2731497261811989 -0.2615385363918215 1.0429857739647233 -0.3502293431899615 -2.393968630826656 -1.0262050599977117 -0.7212791306523252 -0.3456480285106666 1.5350183028093651 2.6345695584705773 -0.36065293375854557 0.0 0.0 0.0 0.0 0.0 0.0 0.0 0.0 0.0 0.0 0.0 0.0 0.0
-1.718970756938843 -0.8310769551925511 0.538276047637103 0.07531651268568479 5.004840511220208 5.992916493877641 4.287161011560805 2.610493525540905 -1.5279959411065709 1.8738053888252626 -1.4500007012415432 -1.2494718823802013 1.152103800506699 0.4647323642309089 -1.088708418129057 0.0 0.0 0.0 0.0 0.0 0.0 0.0 0.0 0.0 0.0 0.0 0.0
-0.2599866127006467 -1.4596653175944705 -0.3574887233704298 1.954957463572351 2.2196704079656397 0.7167221993328736 2.2980989196671846 0.6813284093919909 1.4809630174851922 3.1262940089480127 1.8878336370764817 -3.52557346336024 -5.271210604222293 -4.492631943515951 -1.5932149828532916 0.0 0.0 0.0 0.0 0.0 0.0 0.0 0.0 0.0 0.0 0.0 0.0
0.390164027422927 2.9372204631474395 0.5591355274266611 -0.49487302627152546 2.758044924807234 -0.19411766143590964 1.207686137233679 -0.8403837242472724 -1.8508087751412385 2.0340340500059053 1.5660045758796783 -0.8755454194078022 -0.8502074842518594 -1.5793267643757596 -0.5631138823905495 -0.15059955557262517 0.0 0.0 0.0 0.0 0.0 0.0 0.0 0.0 0.0 0.0 0.0
2.006283263407716 2.6779626239496226 1.3801767963165978 -2.327324666532664 -1.1592335429273493 2.201535078346787 0.9322262255176202 0.43494909786005936 0.9470928379225011 1.5446604961289092 1.894641100030396 1.6986355604500838 1.6352767761942906 -0.8786304431237266 0.6274295676908904 2.992857890363886 0.0 0.0 0.0 0.0 0.0 0.0 0.0 0.0 0.0 0.0 0.0
1.2604888260688583 0.46069179411588124 0.43017297286094963 2.2838679068186645 2.576464230515181 2.863132115913849 1.256824334572087 0.6684363165211559 0.21213916409109254 -0.2966526886397753 0.2738495978065314 1.6434913083013705 1.2539869865670201 -2.67972896281277 -4.723706028041754 -0.6486241183953749 2.3440620305171698 0.0 0.0 0.0 0.0 0.0 0.0 0.0 0.0 0.0 0.0
-0.5972838666965411 -1.0512451016972775 -0.5419321474067034 -1.4998614644744028 -5.601878890795674 -5.119594934468771 -1.417322243420088 1.8989352924268068 3.3746124361434737 2.8453886849281815 1.5009488586532085 -0.8123507170827475 -1.0203810819269254 1.9447229957831424 2.4283601187476997 -1.1907772277237003 -2.1424031188041366 -0.6427431493217376 0.0 0.0 0.0 0.0 0.0 0.0 0.0 0.0 0.0
-1.3730223473278234 3.084605509392986 2.4667720573632237 3.67529589859706 1.6644315280636577 0.2440150105204124 0.2514282912457463 -0.2218529366276546 -0.6947069353592991 -0.8543069363732942 -1.0707331359972185 -0.7898765787037304 -0.03484540949288847 0.7382806362151866 0.36039820005957474 -0.691810140316417 2.694993170571103 -0.03504552132648051 0.0 0.0 0.0 0.0 0.0 0.0 0.0 0.0 0.0
-2.72292769593075 -0.40403050755527875 0.07594997258272271 0.01784375358027262 3.5988166713019214 1.2084339953020107 -0.058379509762147876 -0.2851306614262543 0.011829564978136019 0.6382091763764816 1.022584745241272 0.7368916506166611 0.12384837513517383 0.22502733749016904 0.3061807453357511 -0.16812179862249776 -0.2505492789483748 -2.366402018121821 -0.8558760223834503 0.0 0.0 0.0 0.0 0.0 0.0 0.0 0.0
-4.211661559796533 -4.260100976736709 -3.982533935628862 -4.163357505927166 -1.4956838551616791 -0.16377604352303332 0.3061612812672248 -0.038673259474690164 -0.337440605015394 -0.7039820863741525 -0.9245154668034711 -0.7132079924397923 -0.4134750109658875 -0.2278251737557039 -0.12166791752643813 0.12451666301056988 -0.06989441809785812 0.011651032158502557 4.72654750050717 3.5047494011242235 0.0 0.0 0.0 0.0 0.0 0.0 0.0
0.0 0.0 0.59311484736454 -1.6236560677510852 -4.194378148644124 -2.387311722116889 0.8352582558787506 4.38329947594975 3.02953412931931 -0.2926161707281114 -0.5220426859143411 0.3870244905227178 0.7681888297101009 0.571797372738475 0.15577210597682745 -0.02839902921236776 0.08373954644410644 -0.06914405495092399 0.22467728822874128 1.7942869695878085 1.5967230326755313 0.0 0.0 0.0 0.0 0.0 0.0
0.0 0.0 0.0 0.0 0.0 0.0 0.0 0.0 0.0 0.0 0.0 0.0 0.0 0.0 0.0 0.0 0.0 0.0 0.0 0.0 0.0 0.0 0.0 0.0 0.0 0.0 0.0
0.0 0.0 0.0 0.0 0.0 0.0 0.0 0.0 0.0 0.0 0.0 0.0 0.0 0.0 0.0 0.0 0.0 0.0 0.0 0.0 0.0 0.0 0.0 0.0 0.0 0.0 0.0
0.0 0.0 0.0 0.0 0.0 0.0 0.0 0.0 0.0 0.0 0.0 0.0 0.0 0.0 0.0 0.0 0.0 0.0 0.0 0.0 0.0 0.0 0.0 0.0 0.0 0.0 0.0
-0.6703670039676346 -1.331187766197224 0.6399491661630398 0.6726422118584572 -0.5584612296592296 3.607255631234791 2.2786378816465214 1.592076422913975 0.02727141648151838 1.1798078577974158 -0.5162953539468581 -0.0016928084447740289 0.9265981011499717 2.216085968066711 0.0 0.0 0.0 0.0 0.0 0.0 0.0 0.0 0.0 0.0 0.0 0.0 0.0
-0.7156054576776839 -1.800838597192961 -1.989973181218677 -1.8064316852452185 -0.694780281652674 -0.18371715672177535 1.2083314207469738 1.353540123025394 1.4366590107236856 -0.4720886029703952 0.6602215384904724 3.0445744598746804 1.2321730064471528 -0.9397845064892911 -0.675970651507094 0.0 0.0 0.0 0.0 0.0 0.0 0.0 0.0 0.0 0.0 0.0 0.0
2.2153527893440974 1.2201415684140506 -2.0799162610139987 1.4301939856508303 -0.07718715744532571 0.5818219034646763 2.0811127728171304 4.452702732477364 1.9592571423925875 2.353862542049822 0.27951257905952137 1.1866439662722559 -0.9383480450034325 -1.3272951797045618 -0.8082456146178761 0.0 0.0 0.0 0.0 0.0 0.0 0.0 0.0 0.0 0.0 0.0 0.0
-0.914150209627318 0.16920353422049378 -0.22586383672466745 0.9426983409878593 1.5655860412651335 2.710099170960378 2.396052453537595 1.521041798924669 2.9059768693590793 -0.04895038088951005 -0.5850320881763301 -0.138242866554073 0.6695042516549153 -0.13905964487214156 -1.778147043401934 -0.11827598516365093 0.0 0.0 0.0 0.0 0.0 0.0 0.0 0.0 0.0 0.0 0.0
0.42350115767224955 -1.2133038500841458 -0.1972693174251512 1.2243611507577568 -0.025931753110352368 4.244526036742592 2.864326877881639 1.9177851427474146 0.7852860463082423 0.04831920116087456 0.828253569081281 2.1330292042818475 2.460385068720795 0.609746080092447 0.2494059159517614 0.9563712528214399 0.0 0.0 0.0 0.0 0.0 0.0 0.0 0.0 0.0 0.0 0.0
2.2749895089808443 1.4867506613801813 -2.5362498390025943 -2.1125730519055717 -2.261323932107437 -1.1568302759183688 -0.48629978574986565 0.8248551617252567 1.7016244490222785 2.190983779779303 1.8856974466772791 1.456427519256584 1.2949010866433996 2.7568258470180744 4.189300974481707 4.15439457947863 7.0636117922038055 0.0 0.0 0.0 0.0 0.0 0.0 0.0 0.0 0.0 0.0
3.428535442021049 -0.5703884695022726 0.37090753568012114 -1.7784560935932399 -2.8323781783374953 -2.358831055699709 -0.08157367431740646 0.5619378992072367 0.8182628261944219 1.074175888246419 0.794109177492188 -0.33252852502274494 -1.8241472641346408 -1.1638542835892063 3.305269736061701 0.14515544809398193 -3.5749483004011657 0.0 0.0 0.0 0.0 0.0 0.0 0.0 0.0 0.0 0.0
-0.37952311607395806 -1.090064358729533 -0.5380758767288014 -3.0050832916280643 0.8740816931065999 -1.2049827182205028 -0.7691881151901009 0.08022137836306044 0.9224602436723787 1.6655144724634705 1.4517802772635697 0.5016990007201192 0.0757853973211015 2.34858648401752 2.8716817079615176 -5.102854601649094 -3.1831425306073164 -0.9018307271496234 0.0 0.0 0.0 0.0 0.0 0.0 0.0 0.0 0.0
0.20410628339496958 1.2372809577505879 0.028922154650012518 0.9466853664781069 -1.4331792354254358 -1.535669204921237 -0.8249263996985703 -0.30691990781585865 -0.22323883450052073 -0.3664535656721145 -0.4194869854342589 -0.29029351762905403 -0.5867664592141348 -0.04974995070018961 0.26150139496812036 -0.1867784728255966 -4.335694893643616 -2.1283625923324485 -2.394218281906574 0.0 0.0 0.0 0.0 0.0 0.0 0.0 0.0
-3.0153677450655443 -3.4290155299096017 -3.0569977664347263 -1.17991360820712 0.8142930135934261 0.4658051790007092 1.354934581334664 1.7549518055364883 1.6161925056456838 1.0349525316642778 0.7144649505885243 0.48263392574696967 0.7259431755861703 0.5770945380821325 0.04876878135026314 0.10432337043172847 -0.2370111564598752 -2.225773248833559 0.06725733716025131 0.8772882046271504 0.0 0.0 0.0 0.0 0.0 0.0 0.0
-1.2712467400240486 -0.9528506798253394 1.1008829956200372 1.9997144696354134 -0.865128437778761 1.957350239369122 0.47967823952733535 0.3712742654003083 0.3791645661174219 0.5214046770449314 -0.0816955627359121 -0.91844813823087 -0.7144409577917997 -0.15273549370153544 0.09681609119735418 -0.015018786975266945 0.1130926200362401 -0.20366315170357727 -1.0185189426041228 0.11627234964937506 0.5326949710342481 0.0 0.0 0.0 0.0 0.0 0.0
0.0 -1.0959796962768769 1.544235963117395 -0.646743006123714 -3.6365753222077775 -1.2836447742772397 1.4327876025185318 -1.8941014454066658 -3.4764251477554944 -2.9900879294052514 -1.3285860505962752 0.4870965047886794 1.1256531055762413 0.748531807613973 0.13753136971491733 0.014207043175857139 0.012561766510972521 0.04384085229576808 -0.17002825123268459 0.06344822063112986 -1.343699207807746 -3.7519802957623174 0.0 0.0 0.0 0.0 0.0
0.0 0.0 0.0 0.0 0.0 0.0 0.0 0.0 0.0 0.0 0.0 0.0 0.0 0.0 0.0 0.0 0.0 0.0 0.0 0.0 0.0 0.0 0.0 0.0 0.0 0.0 0.0
0.0 0.0 0.0 0.0 0.0 0.0 0.0 0.0 0.0 0.0 0.0 0.0 0.0 0.0 0.0 0.0 0.0 0.0 0.0 0.0 0.0 0.0 0.0 0.0 0.0 0.0 0.0
0.0 0.0 0.0 0.0 0.0 0.0 0.0 0.0 0.0 0.0 0.0 0.0 0.0 0.0 0.0 0.0 0.0 0.0 0.0 0.0 0.0 0.0 0.0 0.0 0.0 0.0 0.0
-2.8537453114899582 -0.45056923304420965 -1.2863388082566591 -0.6705562523352173 0.19630198870900112 0.17196941169196478 -1.4647335144377132 1.9465733616337937 1.8105272363675633 0.3414493618421763 0.7618815510632475 1.4007504818094612 -2.2048859824107683 -1.1274217484412552 1.177569094019086 0.0 0.0 0.0 0.0 0.0 0.0 0.0 0.0 0.0 0.0 0.0 0.0
0.9662998582415386 -0.004685680114888638 -0.22049985616185644 -1.1758280177527536 -2.5751632981299237 -2.9134725773763845 -2.54020986554198 -2.8334473085907983 -1.74310332546672 0.28139010585534147 2.140302541146416 0.18255654963590812 1.1133154686117714 2.969302931887507 1.125391588854079 -1.260964566711301 0.0 0.0 0.0 0.0 0.0 0.0 0.0 0.0 0.0 0.0 0.0
-1.3150846447625733 -1.2042654774508796 -2.0683109228927603 -1.0213558439625054 0.4157228718818822 0.5499214871802054 0.6903515087407112 2.186485402363011 -1.3607063159848334 0.27345671360689894 2.622054404095307 0.37324397035998513 -1.2814070436343492 0.32339530726875226 0.4425721047361522 -0.6412799396908494 0.0 0.0 0.0 0.0 0.0 0.0 0.0 0.0 0.0 0.0 0.0
-1.0955221911962698 -0.9470240227353917 -0.6259298056451331 0.878166107323224 2.5986450500578657 3.4782655917703122 1.9758041279404128 -0.3452193941061019 -1.093767051392477 -0.77414793833618 -1.1078888073132922 1.229552033738494 -0.2511010214395274 -1.1750842382963176 -2.6783526853802413 -1.005044580205988 -1.1035180313973016 0.0 0.0 0.0 0.0 0.0 0.0 0.0 0.0 0.0 0.0
-1.977802156006253 -1.7530325678549574 -2.753871578121851 0.8657729660331978 -1.5243321178639249 -0.9862651455741904 -3.2650739174300143 -0.8437464495888868 0.9598273792607898 0.21656162303726748 1.2780389954595366 2.6035721381967507 3.6406087725148057 5.579420196292874 7.5613758690623225 6.380652574224993 3.1422781186223077 0.0 0.0 0.0 0.0 0.0 0.0 0.0 0.0 0.0 0.0
-1.1289841137112606 -3.427741250810633 -1.4702431470935726 -0.1558013025408503 3.021948883738541 1.063785105959548 -0.3668052409750086 -1.224675032568446 -1.0825863309603174 -0.3555922152095342 0.40577067828060265 1.1254653475886502 0.9669926710321807 -1.0595592615254878 -4.0112151679841395 -1.2503399387600347 -1.6990748695506326 -1.7058544672211717 0.0 0.0 0.0 0.0 0.0 0.0 0.0 0.0 0.0
-0.15912523831125636 0.755632413789397 2.2420319019721138 0.03745119750340006 0.4254626199459813 0.6429174016894813 0.4838475463016854 1.0521312264817477 0.9571158564326028 -0.22884730209777043 -1.0756663843204437 -1.794844222408342 -1.9015859922440788 -1.4300302550269306 -1.0628402493306908 -1.553831099742287 -2.491519212835095 -2.0771044058866583 0.0 0.0 0.0 0.0 0.0 0.0 0.0 0.0 0.0
-2.8524897716209137 -0.3287503283358754 2.5109447031697583 0.29273610550756834 -0.03171547266706058 -2.034750845818427 0.6084691668623504 1.6960587796229982 1.871457109998592 1.4695457891381183 0.7507900553368052 0.23078081171071213 0.568437344799806 0.4118164577651136 0.015579199877240267 1.3965280369291853 3.3703710170496386 2.6660751090241486 1.0225711267063886 0.0 0.0 0.0 0.0 0.0 0.0 0.0 0.0
0.8617095321100724 -1.8002582780998324 -2.99240402864093 -1.179434744053037 1.2728341903859262 1.76150692023654 0.20050819438180487 -0.06919643346920289 0.09502088688428693 0.1468942926769934 0.5110756106464814 0.7032080853348692 -0.7906153760646957 -0.6037538676424627 -0.0066326523139544555 0.16492724198990166 -0.3886744558872268 0.7049809551422996 -0.7143619771252541 -1.5974694700143701 0.0 0.0 0.0 0.0 0.0 0.0 0.0
0.6338041371773604 0.8236691587271582 0.11549094725557255 -1.0907002919856204 -3.8095498542077637 -2.1881798702887068 0.1863961571122214 1.2813118544970037 1.5610742686991124 1.6162652707436522 1.2083932471382492 0.22615134956135186 0.4548129170014317 0.4789299550403923 0.20062781530275534 0.02604550361439306 -0.012032526745838627 -0.27548229434479793 2.8850895832905397 0.006079797169778005 -1.4932257238739641 0.0 0.0 0.0 0.0 0.0 0.0
-3.419978960912358 -2.9832354305446662 -2.9424333590697866 -1.061352132864278 -0.7790967091391872 1.9019437615986843 2.8925340521521252 3.253132451161956 3.0585037960817 2.1188069423628213 1.1799843583222278 0.13410262323726962 -0.3160966414025831 -0.11641893171088519 -0.016343813380604557 0.046806046341279814 0.05465149252621946 0.12203933350660505 -1.0859538023875477 -4.647341351228852 -2.2514473851347514 0.16741046491943082 0.0 0.0 0.0 0.0 0.0
-0.16004055130298617 -1.7130070804469897 0.9173154122749171 -3.6661401900497292 -3.6282803324364012 -3.2790539734390887 1.5916780423998236 2.9235657201509144 1.7828722922286078 0.8729338967420565 0.3668242927053205 1.0807618836535324 1.1326274191773413 0.7167825865424756 0.14152583405573144 -0.020226697998556937 0.03782076876665913 0.013107468848048764 0.08291773298916033 -0.32413859584492394 -3.2048346910297867 -2.3154470377953102 -0.5472648245595084 0.0 0.0 0.0 0.0
0.0 0.0 0.0 0.0 0.0 0.0 0.0 0.0 0.0 0.0 0.0 0.0 0.0 0.0 0.0 0.0 0.0 0.0 0.0 0.0 0.0 0.0 0.0 0.0 0.0 0.0 0.0
0.0 0.0 0.0 0.0 0.0 0.0 0.0 0.0 0.0 0.0 0.0 0.0 0.0 0.0 0.0 0.0 0.0 0.0 0.0 0.0 0.0 0.0 0.0 0.0 0.0 0.0 0.0
0.0 0.0 0.0 0.0 0.0 0.0 0.0 0.0 0.0 0.0 0.0 0.0 0.0 0.0 0.0 0.0 0.0 0.0 0.0 0.0 0.0 0.0 0.0 0.0 0.0 0.0 0.0
-1.8493308359238219 -3.6805285093411713 -1.5301624118903367 1.2765802304765903 1.1339984097159546 -1.3796680395617558 -1.7548575737639707 -0.4527661503473591 -0.10422384875274258 0.9010172803383527 2.313345268229356 0.7760322643026192 -0.03748697453317776 -1.2669718304394804 -1.7001686664722788 -0.7766530068368873 0.0 0.0 0.0 0.0 0.0 0.0 0.0 0.0 0.0 0.0 0.0
-1.4499106424944654 -0.9643967222247941 -0.7042203040948678 -1.2223120975385688 -1.674382737112328 -2.6451248547915798 -2.6681945754202885 -1.4688452534597494 -1.2703797830037906 0.05424176108077507 1.4819121734268879 -0.6390656267748083 0.01975010200524348 0.7774375622207074 -0.30635764469764515 -0.8589790932644971 -0.4423912906026445 0.0 0.0 0.0 0.0 0.0 0.0 0.0 0.0 0.0 0.0
0.1900415023305831 -0.4860831993644564 -2.3766521412417285 -0.9415394078522087 -2.0208340068211603 -2.1390645501473995 0.35490316799503435 1.0977407359721447 -0.21046804006667158 2.363362140054181 0.8880041217493002 1.627607178461328 1.8446577736971255 -0.2547970815320804 -0.5397601389565457 -1.9496073478486533 -1.9886021901675737 -1.454064518424291 0.0 0.0 0.0 0.0 0.0 0.0 0.0 0.0 0.0
-0.1067963747867955 -0.9002733684743439 -1.3140643551642557 -2.2879446183006737 0.5083773066063827 1.2552304070490206 -0.07967041067805804 -0.04317175506394239 1.202737001508282 0.22447414272668526 0.2767274322384718 -1.3728935947868712 0.9245619477063383 -2.919362846114331 -4.187805095718461 -2.434826240365525 -2.9805495863158944 -3.597004629372079 0.0 0.0 0.0 0.0 0.0 0.0 0.0 0.0 0.0
1.0844232261387277 0.5321512834047787 0.6047745191583254 1.0976624955144125 -1.499213975975081 0.7977129427283404 1.330250325149441 -0.16933584300991583 -1.0905185732399603 0.5738616171650887 0.6921506418076478 1.006111538016872 3.094007031050413 2.8688522611027865 -0.37470671466928124 1.8044680906117632 0.7597087784310634 -0.08621503167408222 0.0 0.0 0.0 0.0 0.0 0.0 0.0 0.0 0.0
-2.510554003569373 2.474468972085837 0.9564997686447488 -1.1766063737768941 1.6684621546483545 -0.3334159166391011 -1.3543656472464736 -1.6525940337584029 -0.9977018405219418 0.9327343586789582 2.187532262860567 2.4198818994362963 0.9009368497397486 0.10516918882784418 0.26300885806376695 -0.690335919279048 2.8081368348342366 0.251515611823933 0.027889391759991052 0.0 0.0 0.0 0.0 0.0 0.0 0.0 0.0
-1.086481697089035 -0.7022723857293167 -0.15168758723160744 -1.3552885516695683 -0.08560219888733553 2.8062317405573887 2.5549042073446837 1.5621198701496828 0.7185242997557678 0.3910590257227057 0.34749780452604895 0.5069738724274466 0.4114945876253341 0.4743213452433408 0.46354702525648755 -0.275172211885766 -0.2481385438372059 -0.0455805490242488 -0.5462323118904571 0.0 0.0 0.0 0.0 0.0 0.0 0.0 0.0
1.1585651031509518 2.391253541350975 3.0399665692368134 0.9871872878801293 -0.4809039469724389 -1.6234731552763495 -1.5737316089742412 -0.6311231860734536 -0.03466579265903831 -0.16836641107383138 0.5224596360179912 1.3712479036168368 0.33292902580038564 -0.9240952413322844 -0.2170799111610677 0.1803987693020349 0.0991461807218513 -1.2947467200108094 0.5851216335957659 2.2204709037101904 0.0 0.0 0.0 0.0 0.0 0.0 0.0
1.049226028162606 2.6598807092756083 2.4470072026761116 1.3544992646142155 1.0513174635705345 1.0961837255282454 -0.8960511868708372 -2.067196060314239 -1.2724144960994008 1.0035182459393408 2.367479917924209 2.5315998213634585 0.8594073345958148 0.2703962542489043 -0.08641967713083545 0.0128147252088209 0.15228879825294173 -0.3982164590149256 1.8080285401451293 0.5402862744731265 -1.0704093393468257 0.0 0.0 0.0 0.0 0.0 0.0
-1.2859501853176647 -0.6999460330616346 -1.1417752443132643 -1.0455865808481888 -1.2548921865723621 -2.02575663435587 -0.7291468035419212 0.40004197244170053 1.0298286838123147 1.0021335287447788 0.3408162984038926 -0.8590719982194177 -0.5952104982745178 -0.48591974307936125 -0.09452173754466696 0.08086976891212652 0.05402575740465804 0.034375459631983345 -0.1281855667882883 -3.90492751758424 -1.990230349931747 -0.20369735176937195 0.0 0.0 0.0 0.0 0.0
-1.11794970600163 -2.212648061046933 -0.5974157593096782 -0.7591946565654639 0.3700693028857576 1.2846148539797528 0.9053206485049421 1.0267609968899152 1.2791671969971863 1.5646651573659 1.552969107568603 1.2971101976963906 0.6899961214764657 0.04329987591388971 0.008703224860733652 0.03082407932331753 0.0137201546249287 0.0516703417386786 0.002173938932400697 -0.16436521569934606 2.4608834174446113 -0.3945658962145484 -1.3360830830288988 0.0 0.0 0.0 0.0
0.16403945829943317 -1.4631276946594927 -2.761303088169869 0.6472345310680868 0.35102779935838785 0.053817945042550615 0.20712583614582442 0.6901070815778289 1.3546724881181134 1.7666362387851304 2.0360768866506214 1.979427263197262 1.0747465662607316 0.4067271028854308 0.10501126445583212 -0.0001215767956653377 0.020735032714437475 0.016500335375287587 0.07237928076681781 0.008518196167863881 0.2201151949314586 3.168834408238466 1.348458487995126 -1.2351780926005522 0.0 0.0 0.0
0.0 0.0 0.0 0.0 0.0 0.0 0.0 0.0 0.0 0.0 0.0 0.0 0.0 0.0 0.0 0.0 0.0 0.0 0.0 0.0 0.0 0.0 0.0 0.0 0.0 0.0 0.0
0.0 0.0 0.0 0.0 0.0 0.0 0.0 0.0 0.0 0.0 0.0 0.0 0.0 0.0 0.0 0.0 0.0 0.0 0.0 0.0 0.0 0.0 0.0 0.0 0.0 0.0 0.0
0.0 0.0 0.0 0.0 0.0 0.0 0.0 0.0 0.0 0.0 0.0 0.0 0.0 0.0 0.0 0.0 0.0 0.0 0.0 0.0 0.0 0.0 0.0 0.0 0.0 0.0 0.0
0.0 -0.7558758045078825 -2.4106983889203204 -3.793082760233922 -0.778474468601386 1.6684484726262194 0.41411070089855573 3.0207809434876234 1.6599662817439789 1.4927620354858708 0.7758524706658128 1.5808266760518317 0.7380187087432508 -1.167912257878475 -2.0245001021784583 -1.330747160465521 1.2379928032288667 0.0 0.0 0.0 0.0 0.0 0.0 0.0 0.0 0.0 0.0
-1.010528645954932 -1.1663030034596278 -1.1050431422605613 0.598948709715231 1.891913929388037 -0.25840978476024395 -0.26552769690335404 0.3861089778155472 1.0889081769866598 -0.4357933774925021 -2.753349730959588 -3.1928074827237745 -2.327959437010774 -3.461337531516876 -1.9194479805033717 1.5835657055017014 1.1419500264983395 1.305221024990493 0.0 0.0 0.0 0.0 0.0 0.0 0.0 0.0 0.0
-0.0663760479803758 0.6577771952368772 1.7872322181141593 3.2501390936590564 1.631807399430165 -0.3430475763965561 -0.6485585500775206 0.6572904102999714 0.0875092480115528 -1.3974089789721738 -1.139078009168849 -0.07633396811825699 0.44623061823547705 1.5455738410407107 -1.4963411372252182 -1.0474984174494435 -2.425902038398605 -2.4916538720768813 -2.8376105522506316 0.0 0.0 0.0 0.0 0.0 0.0 0.0 0.0
-4.222597364177666 -3.4753190237129354 0.39363427023564457 0.33379329501438065 -0.33135125068235644 0.787186384962055 0.4957991686090678 -0.5612522007526953 -1.0370800206761028 -0.04630035170874621 0.770961647445043 2.4055543531700567 -0.504575838611439 -1.3142679592732445 0.20633983603534925 0.05740004700058387 0.01402341826982732 -0.8248285978667491 0.3673737320666061 0.0 0.0 0.0 0.0 0.0 0.0 0.0 0.0
1.9385782077416884 2.0773169127683384 0.21452588550675894 -1.1825987066938735 -0.00849069211714058 -0.6320442770380503 -0.9107315462068922 0.025151701213757146 1.0051732395656536 1.0103441665750947 0.8086245812300856 0.39604816716634256 0.5459536519121647 0.6649191629381199 0.16735945267384797 -0.13472109396554932 0.4874779824004137 1.2039380065078753 0.3210331108381889 0.0 0.0 0.0 0.0 0.0 0.0 0.0 0.0
0.9551584209798359 0.3706389514592528 -0.4232033305692096 -0.8416536673461535 -0.17939512138535232 1.1532178597919374 0.7818363308595077 1.042642095600419 1.387560663768946 1.2641749809438096 0.7511675858760942 0.11788371330903549 -0.024604762918900354 0.1410593183674075 0.07076131802794099 -0.02370965592841957 0.16620590033375512 0.42414048188862996 -1.1242834311584227 -0.7256345804110206 0.0 0.0 0.0 0.0 0.0 0.0 0.0
0.6639125780543796 2.123953118747769 2.400561955727948 1.0213915995028255 0.9671457547681221 -0.35166404447001914 -0.09240706194878529 0.0869492982345825 0.20032978577402072 0.3072467887367676 0.552313436714882 1.180557667606651 2.0493121828992886 1.5839315539864938 0.4078258263718639 -0.08898413686166713 0.09737878298246339 0.23706799040927767 0.061226744395258326 -0.7940214620174294 -1.2620451929447978 0.0 0.0 0.0 0.0 0.0 0.0
-0.7463125311178849 -0.03470325565095545 0.7555501700585204 2.6345798448143207 1.7535852618082406 0.19414406781310675 -0.20687662548501154 -0.19703689353456974 0.01013837268254798 0.3017684280262982 0.4995340453617171 0.912042626579789 0.9910795518787007 0.7416689625687307 0.1550877240530473 0.024890818558005318 0.10148841227419038 -0.016644426518397492 -2.2239571865217393 0.12363340119224314 -0.16815556241309634 0.0 0.0 0.0 0.0 0.0 0.0
1.573122746052575 2.4016700722149973 1.1626015115536443 1.1773924335635517 -0.646572463852434 -0.20505546376789655 0.15799321996961416 0.2893196261557661 0.3308498976345878 0.79113166909931 1.6153210514189937 2.4650518989966606 2.3557158617309666 1.2502644347284602 0.3353457978436424 -0.0016080222982547904 0.008536418864490832 0.05044282006114434 -0.06916841970484565 -1.0753473921878407 -0.39018064975848 0.6721352545039606 0.0 0.0 0.0 0.0 0.0
0.5058112162930355 -1.6967405107052944 1.3291614326783334 2.534917482831261 0.32493755566524735 -0.4016258041902526 -0.3216041806547174 -0.13577909377228417 -0.3915424447103768 -1.2605619108346948 -1.8630314642997738 -1.9166158811317222 -1.1642773541285145 -0.2591196354308589 0.01394103092205352 0.019160806764994934 0.023983442544128524 0.022287833152907863 -0.007990156154409204 -0.012262975375153258 1.6447833034731285 2.41524312473997 0.8638573975745898 0.0 0.0 0.0 0.0
1.848025055211312 0.32857621350895677 -0.954932452134971 -1.1716260172509805 0.30196144275256653 0.8383159962239906 0.5523063952137165 -0.25718376321155373 -0.7177913888879675 -0.5462889692712267 0.17914876134339497 1.0245224500757057 0.6590304783193441 0.2691589080592285 0.010691387380726744 0.015170116851294213 0.020891994038255757 0.00014140782327653274 0.02909821028698556 -0.00676261398362393 0.05164629013205164 1.3882750591696258 -0.5083091670429314 -0.10001712576162078 0.0 0.0 0.0
-0.18004883932398325 -0.9972916878198435 -2.5761381422357896 1.0995095948745965 0.3780454658809327 0.6357826065962343 0.3361589028193612 0.534727800255197 0.8433702259295272 1.0766916618436688 1.0809899166381247 0.7762632042300323 0.4490447262677637 0.021035421150248267 -0.022316556926344405 0.023543499043159003 0.009737808101482856 0.020270884108620976 -0.009641968697328609 -0.012423868686745073 -0.034824023186558174 0.07041868620404665 0.45979336956945077 1.3251645733751183 0.0 0.0 0.0
0.0 0.0 0.0 0.0 0.0 0.0 0.0 0.0 0.0 0.0 0.0 0.0 0.0 0.0 0.0 0.0 0.0 0.0 0.0 0.0 0.0 0.0 0.0 0.0 0.0 0.0 0.0
0.0 0.0 0.0 0.0 0.0 0.0 0.0 0.0 0.0 0.0 0.0 0.0 0.0 0.0 0.0 0.0 0.0 0.0 0.0 0.0 0.0 0.0 0.0 0.0 0.0 0.0 0.0
0.0 0.0 0.0 0.0 0.0 0.0 0.0 0.0 0.0 0.0 0.0 0.0 0.0 0.0 0.0 0.0 0.0 0.0 0.0 0.0 0.0 0.0 0.0 0.0 0.0 0.0 0.0
0.0 0.0 0.6162446826659581 -0.7310002241088945 1.1012139248467696 1.6522996153494436 -0.15662070426120672 -1.501255959503591 -0.20502163120225234 -1.8414940444061845 0.0654720008308622 -0.10715466336397357 -0.5361771811475347 -0.6604449480469837 0.166622698226435 -1.7010816909172013 -2.2162859147830383 1.0603757556137963 -1.5736585617857883 0.0 0.0 0.0 0.0 0.0 0.0 0.0 0.0
-0.9269950324768728 -0.4808947472515877 -0.36678159804580923 -0.6916310933220624 -0.7437503722545449 0.05983077996220702 0.3104129666920706 0.7877107535691694 -0.522208456181212 -0.03508627378922914 2.9995795521950748 1.019621958143443 0.2760712703232824 -0.23907401660328917 0.39656255059664197 0.5314025236262436 -1.2135346794339257 -1.5396052068804915 -0.26616690345959804 0.0 0.0 0.0 0.0 0.0 0.0 0.0 0.0
-0.41085958424180025 -0.39505066648242043 0.2246544994420124 -0.6925808072721131 -0.9352335520460135 0.1376580399080881 1.3321492347097268 -1.1269790982578218 0.17397812591597508 1.1570565483924211 2.6589096762525095 1.1548482388065118 -0.7082120476734207 1.1141552119280353 0.17008972958012689 -0.1384413018544634 -3.1675583355711208 -2.1220391968574397 -1.102681905482014 -0.5147853698367272 0.0 0.0 0.0 0.0 0.0 0.0 0.0
0.2501989373791558 0.5340543624514085 0.7826324161463944 2.0065399549784506 2.127591895426659 0.7192529674711221 -0.3254732226132473 -0.6395540534136407 -0.8001817155550494 0.029038393758948393 -0.9973614707326953 -1.8107266782109352 0.9931437705441923 -0.2288277635431422 -0.49541906207806385 0.2745589875329387 1.261717508169309 2.785022036147689 1.519985052502781 -0.7834267255753954 0.0 0.0 0.0 0.0 0.0 0.0 0.0
-0.46460210644355227 -0.9761075870166451 -0.6958002800106856 -0.8740466001719294 1.1260517263360657 0.7500623885960497 1.6797511101126683 2.054040472697888 1.8559085342063864 1.430562686882688 1.3732498433267433 1.3130079361308242 1.364252608238319 1.2054496454502939 0.22731585791536918 -0.02535644532584715 -0.004781735509834761 1.0688374488134496 -3.8754714021236563 -3.7440700398397304 -2.4647194633025618 0.0 0.0 0.0 0.0 0.0 0.0
-1.7452880286662786 -0.941984407949194 -0.12096153799618939 0.3333676265805529 -0.18520259468583625 -0.9021844953076836 0.20035775978695994 0.07417800747833532 -0.20302970366695477 -0.047097896710258144 0.2689462673347102 0.5859972623720899 0.7321672060853928 0.4030121846257709 0.10523714137685525 -0.020016266181451157 0.06034704051929813 0.04449594804283906 -1.3052664974148371 -0.06267676931627121 0.5778365074059377 0.0 0.0 0.0 0.0 0.0 0.0
0.5129615522757517 1.6186752642672189 2.2371298764490444 0.160857084917307 -1.5467601477078692 -0.8427209701634353 -0.7147551787034917 -0.2438982918720492 0.3817673449169487 0.973825908842498 1.6849981784389643 2.1663960644568276 1.5832441520901719 0.6419946948573585 0.09509742440395218 0.020324185348225294 0.006918053503814557 0.16900183220129902 -0.061068615243785734 -3.4847749112343194 -0.6531509763932531 0.5381316499319629 0.0 0.0 0.0 0.0 0.0
0.843548113871656 0.06203163144759224 -1.0227547716429728 -1.2448512693681448 0.758823157168735 1.368666760257129 1.75084015354303 1.7108168713147205 1.351854295036713 0.6216844801605458 -0.3157184573380357 -1.1373186230591468 -0.7085979753012466 -0.29286207260405145 -0.0622671089408853 0.04495168344415706 -0.020349510788694156 0.1047050230249332 0.15029275884215051 2.0943721220733793 2.677347213757462 1.245098809734764 1.8347513733940082 0.0 0.0 0.0 0.0
2.402563282326286 -0.40412041083084277 0.6323668035049104 -0.12657598789656196 -1.0712022241127461 -2.2633104812285456 -1.819700921042181 -1.1754657160532096 -0.639226823674487 -0.39142237001083485 -0.18863837625272778 0.033372369303267944 -0.23845468741403233 -0.46638382454807475 -0.12571516494540538 0.03912855717602582 0.005937273356397069 0.01228153389234432 0.006360472853791758 0.15423787053664462 -1.9808176077332793 -2.8028961548640616 -2.5298315180450444 -0.21826554813115454 0.0 0.0 0.0
3.3487697163948025 1.8444640752378725 0.8465555843847701 0.9673184479229251 -0.6181649705805805 -2.2878142992193333 -2.1556814128908095 -1.9966981086532813 -1.5302877077581478 -0.7797165011169382 -0.45148875734964006 -0.6067976543099721 -0.5177226564635234 -0.1835552922363843 0.004446104550411567 0.019944853543681147 0.00014437317099724023 0.0022609691746662166 0.012373399092167576 -0.005551030947919033 -0.025418015089234972 -0.5681014480132041 -0.02085535649545654 -0.81765449498495 0.0 0.0 0.0
-1.0091613499467476 -1.6508524966570868 -0.9535881764513988 3.7784654390705485 1.85223047857999 -0.46971655047790817 -0.9586059726853275 -0.5327814334531716 0.06572821760278505 0.5325681937224221 0.6209730249872187 0.5704266146801996 0.4523272321860889 0.08907196586491702 0.002971233243991272 0.021628629021608333 0.007733047467266976 0.005862633952784064 -0.0013256495751667557 -0.0015331724792647125 -0.023699636808782377 -0.018151171125691572 -2.560144893293582 -0.9603969600305391 0.0 0.0 0.0
1.6462520397936395 2.672600070544204 1.9417966985927282 1.9346711447162281 1.3657462601696744 0.07210457800536245 0.04195971940259178 -0.049015889043262095 -0.022132785909385166 0.16015592126791564 0.23216935303667977 0.06251726673246769 -0.1782048257680035 -0.019273158875894144 0.014141461090485358 0.014957979099569836 0.008614613383143597 -0.010308767818471025 0.006925930968779204 0.00738490008181004 0.010036962446431246 -0.0043766706103797355 -0.08049717915599709 -1.1632946876771229 0.0 0.0 0.0
0.0 0.0 0.0 0.0 0.0 0.0 0.0 0.0 0.0 0.0 0.0 0.0 0.0 0.0 0.0 0.0 0.0 0.0 0.0 0.0 0.0 0.0 0.0 0.0 0.0 0.0 0.0
0.0 0.0 0.0 0.0 0.0 0.0 0.0 0.0 0.0 0.0 0.0 0.0 0.0 0.0 0.0 0.0 0.0 0.0 0.0 0.0 0.0 0.0 0.0 0.0 0.0 0.0 0.0
0.0 0.0 0.0 0.0 0.0 0.0 0.0 0.0 0.0 0.0 0.0 0.0 0.0 0.0 0.0 0.0 0.0 0.0 0.0 0.0 0.0 0.0 0.0 0.0 0.0 0.0 0.0
0.0 0.0 0.0 0.0 0.0 -0.9548668891394395 -2.0300548228006505 -0.11049748671939653 1.7398076883785445 1.6844564695430355 0.8036634496410427 0.44678882286600197 -0.07047031437653939 -0.3965906283749472 -1.8323483366031434 -2.2714726398051823 -1.4350703854326468 -0.2644664259869159 0.23606081711553495 -0.44892756567843933 0.0 0.0 0.0 0.0 0.0 0.0 0.0
0.0 0.0 -1.3199703474414675 -1.3910929830315382 -1.259511448966508 -0.6576640308169569 -0.5224158933813222 -0.21771670445425195 0.20497371534055864 0.05681598739433287 1.9078423436204235 1.9713828608214736 0.7315343315192682 -0.16622950320279067 0.4593655485556961 -0.4955536802638331 0.1052323508942478 -0.3151453134064342 -1.7011259864042534 -1.9194846791581888 0.0 0.0 0.0 0.0 0.0 0.0 0.0
0.0 -1.4387500421371617 -1.7896764231323816 -0.36746704922901885 -0.40765919069099527 -2.305147391479045 -2.9261930888792493 -2.5268389557585977 -1.6968611430702407 -0.6944221238869045 -0.9326192003863817 1.2042066899732258 0.8813678877964048 1.5033680471022388 0.5660028331009201 0.271410262415443 0.9492932483812102 1.2578300018067667 -0.6108918025629332 1.3285458919390112 -1.3910155608310928 0.0 0.0 0.0 0.0 0.0 0.0
0.0 -0.7928281581721537 1.1675680420569765 0.8339077335348587 0.9731560070152251 -0.0271727935288068 -0.45572808405170373 0.2489116136908018 0.812625951509825 -1.1616718958007528 -0.9256647314868295 0.4714790932535329 -0.29291376469627134 0.01012611331913443 0.31257686583761535 -0.2638847526068383 -0.22920784566828922 -0.06541950066517607 0.23608962738878966 -0.08803235120635872 -0.1472025198350585 0.0 0.0 0.0 0.0 0.0 0.0
0.04966784374071258 -0.03349855320960103 0.010734640008696804 -1.085018224009274 -0.375820524681676 0.9620900653904674 -4.4349932510353325 -3.5975593183946546 -0.7166998236701895 0.23538548736224651 -0.495701190959705 -1.1385281277391113 -0.08453696521680437 0.2308100432893165 -0.011193186817815327 0.02746384187813414 -0.03027055857973922 -0.04192396875102619 -0.060754511791068784 1.7109070990377144 0.9455239039169749 -0.10090037988242544 0.0 0.0 0.0 0.0 0.0
-0.018400295420731703 1.1395482238787453 0.5323659709184653 -0.22585010782923076 -0.35223432857919057 -0.2850895119387139 -1.7119926904193117 -1.7378827427007248 -1.5582655191078434 -1.7900796841415878 -1.6794910642436531 -1.316840702759877 -0.8338238506034574 -0.3352076865572864 -0.025911024081086514 0.04366587993046554 0.009400947699627385 0.054912794386385036 0.0331552951624618 -0.1397421848552042 -0.46103953914536844 -0.10551490668927359 0.0 0.0 0.0 0.0 0.0
-0.9862449542019899 -0.14067219611202014 1.3841516728605403 -0.23009637996322593 -1.0721586575068776 -2.206141556001457 -0.6980053461968795 -0.29520661728764847 -0.04994441222665833 0.4330882780823978 0.6229028163583789 0.7349343823070457 0.4951928623863244 0.23931287622013236 0.06576537159451676 0.016542191767369655 0.01893894395293289 0.017134183440674338 0.019218236283944198 0.266628382242902 2.3923732903073485 1.7844604713576149 -0.09148309905622562 0.0 0.0 0.0 0.0
-0.5953795217619525 -0.18602458706766664 0.15249774683994202 0.30581758489081473 -1.5410148686922875 0.3535172453309899 0.4639976109303906 0.4246379707063289 0.25878480600060166 0.13367052133201512 0.09976322308503709 0.04788875869028001 0.11409747517069697 0.021482028334950776 -0.002977356002994469 0.025994157210470083 0.02133295555237837 -0.0009677567330326768 -0.0024600334279879523 0.002972526260985361 0.9812257585711263 1.3080152906565197 -0.39821010788840155 0.6146896794468434 0.0 0.0 0.0
0.7095828082558269 -0.9708304821411814 -1.057291235922467 0.0983421842130755 -0.995244738849951 -1.4722578593883766 -0.6518366092180288 -0.5774261999193714 -0.946621184034142 -1.4086533165413175 -1.357950140738138 -0.9080494421611911 -0.6644112593340098 -0.13657344016152495 0.05409535906636135 0.010263171378848588 0.020635773324810064 -0.015187811009726167 0.005660755498959748 -0.033287709815572344 0.13873969659008653 -0.46464481854999473 1.3824111611199617 1.9338262401614077 0.0 0.0 0.0
0.8373329892414553 -0.6572069980581198 -0.052788660483650135 0.8103906608609879 0.13377485271865358 -0.16390465499260032 -0.7704750081924636 -0.9357621954883304 -0.8270915053993142 -0.49864244017008047 -0.21520825008071054 0.12736027361504484 0.25787891815369174 0.2266959881719322 0.03941249772600644 0.003502307742785127 0.012102582020555606 0.01727413433947744 -0.0033140190259602987 0.020363130908004182 -0.03607936337371612 0.11813433316539058 -1.356772629070227 -1.1976271678906563 0.0 0.0 0.0
1.1527223520617558 2.0095292064061128 2.2313507060973907 -0.20365813797052273 -0.16613919806494848 -0.25386219434607266 0.27440863497220247 0.4293851911647273 0.2264511929031421 -0.23372919395525646 -0.2459382045234158 -0.05306277321281203 -0.06900311037182598 -0.0552768568489727 -0.0068093958264463066 0.013658655003043387 0.003607158460118549 -0.0034410656555525793 0.0075806041425898005 0.0008325865393686501 0.011531067545148078 -0.006157376586697913 0.10989036513440387 -0.6179863940191187 0.0 0.0 0.0
0.07440096196392201 -0.13208407687014206 -0.027929021992021096 2.0995695293444907 0.9301223667539666 0.2777674702912961 -0.31421636603692066 -0.5140781502956601 -0.47817282751172546 -0.38372647390735004 -0.5554408303563246 -0.734566879394041 -0.4169715039786421 -0.06377529978402412 0.020966368951722377 -0.00695580601628016 0.013759822814408034 0.011675043907543488 -0.0008115937210851321 0.0047229589170786 -0.0022468492985809694 0.015354788920390168 0.006970296669922283 -0.014715072421207539 0.0 0.0 0.0
0.0 0.0 0.0 0.0 0.0 0.0 0.0 0.0 0.0 0.0 0.0 0.0 0.0 0.0 0.0 0.0 0.0 0.0 0.0 0.0 0.0 0.0 0.0 0.0 0.0 0.0 0.0
0.0 0.0 0.0 0.0 0.0 0.0 0.0 0.0 0.0 0.0 0.0 0.0 0.0 0.0 0.0 0.0 0.0 0.0 0.0 0.0 0.0 0.0 0.0 0.0 0.0 0.0 0.0
0.0 0.0 0.0 0.0 0.0 0.0 0.0 0.0 0.0 0.0 0.0 0.0 0.0 0.0 0.0 0.0 0.0 0.0 0.0 0.0 0.0 0.0 0.0 0.0 0.0 0.0 0.0
0.0 0.0 0.0 0.0 0.0 0.0 0.0 0.0 0.0 0.0 0.0 0.0 0.0 0.0 0.0 0.0 0.0 0.0 0.0 0.0 0.0 0.0 0.0 0.0 0.0 0.0 0.0
0.0 0.0 0.0 0.0 0.0 0.0 0.0 0.0 0.0 0.0 0.0 0.0 0.0 0.0 0.0 0.0 0.0 0.0 0.0 0.0 0.0 0.0 0.0 0.0 0.0 0.0 0.0
0.0 0.0 0.0 0.0 0.0 0.0 0.0 0.0 0.0 0.0 0.0 0.0 0.0 0.0 0.0 0.0 0.0 0.0 0.0 0.0 0.0 0.0 0.0 0.0 0.0 0.0 0.0
0.0 0.0 0.0 0.0 0.0 0.0 0.0 0.0 0.0 0.0 0.0 0.0 0.0 0.0 0.0 0.0 0.0 0.0 0.0 0.0 0.0 0.0 0.0 0.0 0.0 0.0 0.0
0.0 0.0 0.0 0.0 0.0 0.0 0.0 0.0 0.0 0.0 0.0 0.0 0.0 0.0 0.0 0.0 0.0 0.0 0.0 0.0 0.0 0.0 0.0 0.0 0.0 0.0 0.0
0.0 0.0 0.0 0.0 0.0 0.0 0.0 0.0 0.0 0.0 0.0 0.0 0.0 0.0 0.0 0.0 0.0 0.0 0.0 0.0 0.0 0.0 0.0 0.0 0.0 0.0 0.0
0.0 0.0 0.0 0.0 0.0 0.0 0.0 0.0 0.0 0.0 0.0 0.0 0.0 0.0 0.0 0.0 0.0 0.0 0.0 0.0 0.0 0.0 0.0 0.0 0.0 0.0 0.0
0.0 0.0 0.0 0.0 0.0 0.0 0.0 0.0 0.0 0.0 0.0 0.0 0.0 0.0 0.0 0.0 0.0 0.0 0.0 0.0 0.0 0.0 0.0 0.0 0.0 0.0 0.0
0.0 0.0 0.0 0.0 0.0 0.0 0.0 0.0 0.0 0.0 0.0 0.0 0.0 0.0 0.0 0.0 0.0 0.0 0.0 0.0 0.0 0.0 0.0 0.0 0.0 0.0 0.0
0.0 0.0 0.0 0.0 0.0 0.0 0.0 0.0 0.0 0.0 0.0 0.0 0.0 0.0 0.0 0.0 0.0 0.0 0.0 0.0 0.0 0.0 0.0 0.0 0.0 0.0 0.0
0.0 0.0 0.0 0.0 0.0 0.0 0.0 0.0 0.0 0.0 0.0 0.0 0.0 0.0 0.0 0.0 0.0 0.0 0.0 0.0 0.0 0.0 0.0 0.0 0.0 0.0 0.0
0.0 0.0 0.0 0.0 0.0 0.0 0.0 0.0 0.0 0.0 0.0 0.0 0.0 0.0 0.0 0.0 0.0 0.0 0.0 0.0 0.0 0.0 0.0 0.0 0.0 0.0 0.0
0.0 0.0 0.0 0.0 0.0 0.0 0.0 0.0 0.0 0.0 0.0 0.0 0.0 0.0 0.0 0.0 0.0 0.0 0.0 0.0 0.0 0.0 0.0 0.0 0.0 0.0 0.0
0.0 0.0 0.0 0.0 0.0 0.0 0.0 0.0 0.0 0.0 0.0 0.0 0.0 0.0 0.0 0.0 0.0 0.0 0.0 0.0 0.0 0.0 0.0 0.0 0.0 0.0 0.0
0.0 0.0 0.0 0.0 0.0 0.0 0.0 0.0 0.0 0.0 0.0 0.0 0.0 0.0 0.0 0.0 0.0 0.0 0.0 0.0 0.0 0.0 0.0 0.0 0.0 0.0 0.0
0.0 0.0 0.0 0.0 0.0 0.0 0.0 0.0 0.0 0.0 0.0 0.0 0.0 0.0 0.0 0.0 0.0 0.0 0.0 0.0 0.0 0.0 0.0 0.0 0.0 0.0 0.0
0.0 0.0 0.0 0.0 0.0 0.0 0.0 0.0 0.0 0.0 0.0 0.0 0.0 0.0 0.0 0.0 0.0 0.0 0.0 0.0 0.0 0.0 0.0 0.0 0.0 0.0 0.0
0.0 0.0 0.0 0.0 0.0 0.0 0.0 0.0 0.0 0.0 0.0 0.0 0.0 0.0 0.0 0.0 0.0 0.0 0.0 0.0 0.0 0.0 0.0 0.0 0.0 0.0 0.0
0.0 0.0 0.0 0.0 0.0 0.0 0.0 0.0 0.0 0.0 0.0 0.0 0.0 0.0 0.0 0.0 0.0 0.0 0.0 0.0 0.0 0.0 0.0 0.0 0.0 0.0 0.0
0.0 0.0 0.0 0.0 0.0 0.0 0.0 0.0 0.0 0.0 0.0 0.0 0.0 0.0 0.0 0.0 0.0 0.0 0.0 0.0 0.0 0.0 0.0 0.0 0.0 0.0 0.0
0.0 0.0 0.0 0.0 0.0 0.0 0.0 0.0 0.0 0.0 0.0 0.0 0.0 0.0 0.0 0.0 0.0 0.0 0.0 0.0 0.0 0.0 0.0 0.0 0.0 0.0 0.0
0.0 0.0 0.0 0.0 0.0 0.0 0.0 0.0 0.0 0.0 0.0 0.0 0.0 0.0 0.0 0.0 0.0 0.0 0.0 0.0 0.0 0.0 0.0 0.0 0.0 0.0 0.0
0.0 0.0 0.0 0.0 0.0 0.0 0.0 0.0 0.0 0.0 0.0 0.0 0.0 0.0 0.0 0.0 0.0 0.0 0.0 0.0 0.0 0.0 0.0 0.0 0.0 0.0 0.0
0.0 0.0 0.0 0.0 0.0 0.0 0.0 0.0 0.0 0.0 0.0 0.0 0.0 0.0 0.0 0.0 0.0 0.0 0.0 0.0 0.0 0.0 0.0 0.0 0.0 0.0 0.0
0.0 0.0 0.0 0.0 0.0 0.0 0.0 0.0 0.0 0.0 0.0 0.0 0.0 0.0 0.0 0.0 0.0 0.0 0.0 0.0 0.0 0.0 0.0 0.0 0.0 0.0 0.0
0.0 0.0 0.0 0.0 0.0 0.0 0.0 0.0 0.0 0.0 0.0 0.0 0.0 0.0 0.0 0.0 0.0 0.0 0.0 0.0 0.0 0.0 0.0 0.0 0.0 0.0 0.0
0.0 0.0 0.0 0.0 0.0 0.0 0.0 0.0 0.0 0.0 0.0 0.0 0.0 0.0 0.0 0.0 0.0 0.0 0.0 0.0 0.0 0.0 0.0 0.0 0.0 0.0 0.0
0.0 0.0 0.0 0.0 0.0 0.0 0.0 0.0 0.0 0.0 0.0 0.0 0.0 0.0 0.0 0.0 0.0 0.0 0.0 0.0 0.0 0.0 0.0 0.0 0.0 0.0 0.0
0.0 0.0 0.0 0.0 0.0 0.0 0.0 0.0 0.0 0.0 0.0 0.0 0.0 0.0 0.0 0.0 0.0 0.0 0.0 0.0 0.0 0.0 0.0 0.0 0.0 0.0 0.0
0.0 0.0 0.0 0.0 0.0 0.0 0.0 0.0 0.0 0.0 0.0 0.0 0.0 0.0 0.0 0.0 0.0 0.0 0.0 0.0 0.0 0.0 0.0 0.0 0.0 0.0 0.0
0.0 0.0 0.0 0.0 0.0 0.0 0.0 0.0 0.0 0.0 0.0 0.0 0.0 0.0 0.0 0.0 0.0 0.0 0.0 0.0 0.0 0.0 0.0 0.0 0.0 0.0 0.0
0.0 0.0 0.0 0.0 0.0 0.0 0.0 0.0 0.0 0.0 0.0 0.0 0.0 0.0 0.0 0.0 0.0 0.0 0.0 0.0 0.0 0.0 0.0 0.0 0.0 0.0 0.0
0.0 0.0 0.0 0.0 0.0 0.0 0.0 0.0 0.0 0.0 0.0 0.0 0.0 0.0 0.0 0.0 0.0 0.0 0.0 0.0 0.0 0.0 0.0 0.0 0.0 0.0 0.0
0.0 0.0 0.0 0.0 0.0 0.0 0.0 0.0 0.0 0.0 0.0 0.0 0.0 0.0 0.0 0.0 0.0 0.0 0.0 0.0 0.0 0.0 0.0 0.0 0.0 0.0 0.0
0.0 0.0 0.0 0.0 0.0 0.0 0.0 0.0 0.0 0.0 0.0 0.0 0.0 0.0 0.0 0.0 0.0 0.0 0.0 0.0 0.0 0.0 0.0 0.0 0.0 0.0 0.0
0.0 0.0 0.0 0.0 0.0 0.0 0.0 0.0 0.0 0.0 0.0 0.0 0.0 0.0 0.0 0.0 0.0 0.0 0.0 0.0 0.0 0.0 0.0 0.0 0.0 0.0 0.0
0.0 0.0 0.0 0.0 0.0 0.0 0.0 0.0 0.0 0.0 0.0 0.0 0.0 0.0 0.0 0.0 0.0 0.0 0.0 0.0 0.0 0.0 0.0 0.0 0.0 0.0 0.0
0.0 0.0 0.0 0.0 0.0 0.0 0.0 0.0 0.0 0.0 0.0 0.0 0.0 0.0 0.0 0.0 0.0 0.0 0.0 0.0 0.0 0.0 0.0 0.0 0.0 0.0 0.0
0.0 0.0 0.0 0.0 0.0 0.0 0.0 0.0 0.0 0.0 0.0 0.0 0.0 0.0 0.0 0.0 0.0 0.0 0.0 0.0 0.0 0.0 0.0 0.0 0.0 0.0 0.0
0.0 0.0 0.0 0.0 0.0 0.0 0.0 0.0 0.0 0.0 0.0 0.0 0.0 0.0 0.0 0.0 0.0 0.0 0.0 0.0 0.0 0.0 0.0 0.0 0.0 0.0 0.0
0.0 0.0 0.0 0.0 0.0 0.0 0.0 0.0 0.0 0.0 0.0 0.0 0.0 0.0 0.0 0.0 0.0 0.0 0.0 0.0 0.0 0.0 0.0 0.0 0.0 0.0 0.0
0.0 0.0 0.0 0.0 0.0 0.0 0.0 0.0 0.0 0.0 0.0 0.0 0.0 0.0 0.0 0.0 0.0 0.0 0.0 0.0 0.0 0.0 0.0 0.0 0.0 0.0 0.0
0.0 0.0 0.0 0.0 0.0 0.0 0.0 0.0 0.0 0.0 0.0 0.0 0.0 0.0 0.0 0.0 0.0 0.0 0.0 0.0 0.0 0.0 0.0 0.0 0.0 0.0 0.0
0.0 0.0 0.0 0.0 0.0 0.0 0.0 0.0 0.0 0.0 0.0 0.0 0.0 0.0 0.0 0.0 0.0 0.0 0.0 0.0 0.0 0.0 0.0 0.0 0.0 0.0 0.0
0.0 0.0 0.0 0.0 0.0 0.0 0.0 0.0 0.0 0.0 0.0 0.0 0.0 0.0 0.0 0.0 0.0 0.0 0.0 0.0 0.0 0.0 0.0 0.0 0.0 0.0 0.0
#