#UF3 POT
3B 0 3 nk
10.0 5.0 5.0 31 19 19
0.5 0.5 0.5 0.5 0.87333333333333329 1.2466666666666666 1.6200000000000003 1.8925575637437295 2.0754767806552898 2.2283024314125708 2.3700000000000001 2.5116975685874294 2.6645232193447104 2.8474424362562707 3.1200000000000001 3.6492307692307699 4.1784615384615389 4.7076923076923087 5.2369230769230777 5.7661538461538466 6.2953846153846156 6.8246153846153845 7.3538461538461544 7.8830769230769233 8.4123076923076923 8.9415384615384621 9.4707692307692302 10 10 10 10
0.5 0.5 0.5 0.5 0.87749999999999995 1.2549999999999999 1.5779947882355112 1.7859416975004274 1.9740583024995724 2.1820052117644884 2.5049999999999999 3.004 3.5030000000000001 4.0019999999999998 4.5010000000000003 5 5 5 5
0.5 0.5 0.5 0.5 0.87749999999999995 1.2549999999999999 1.5779947882355112 1.7859416975004274 1.9740583024995724 2.1820052117644884 2.5049999999999999 3.004 3.5030000000000001 4.0019999999999998 4.5010000000000003 5 5 5 5
15 15 27
-3.409760097489956 -2.1023809482978417 2.773999548153683 2.028778083211462 0.04662333229433906 -4.02958779350194 0.3868649995950498 0.0 0.0 0.0 0.0 0.0 0.0 0.0 0.0 0.0 0.0 0.0 0.0 0.0 0.0 0.0 0.0 0.0 0.0 0.0 0.0
0.06557433736506414 0.5021216224833469 1.7801007194583731 -2.958392921179197 -0.24245457941847667 0.013669897140562721 -0.6087942799355751 -2.7112148002838947 -0.15004636253530723 0.0 0.0 0.0 0.0 0.0 0.0 0.0 0.0 0.0 0.0 0.0 0.0 0.0 0.0 0.0 0.0 0.0 0.0
0.16882959981653087 0.5007907798765682 -2.898163215437038 1.9598007410994758 0.5943752517802742 0.6514339407843776 1.3274524784084027 -0.873016512705918 -0.7561760981866077 -3.017921066037202 -3.495418245849342 0.0 0.0 0.0 0.0 0.0 0.0 0.0 0.0 0.0 0.0 0.0 0.0 0.0 0.0 0.0 0.0
2.1280604676793535 0.3727817234622209 1.2354824782694565 -1.0845423654482644 1.1491074916982482 -0.522246047310618 3.7032079689214035 -2.18914704761107 -2.618801708345119 1.2432084207813356 -1.9700609203759858 -0.2406082916236517 0.0 0.0 0.0 0.0 0.0 0.0 0.0 0.0 0.0 0.0 0.0 0.0 0.0 0.0 0.0
1.7332882047027791 1.6083215044615684 -1.4772381204753047 -0.441135891480993 -1.4229018811376368 0.2730918838017527 -4.0326385012772885 1.1354174157742414 0.553408830359661 0.35607290122392954 -0.4591296517608703 -3.134243251755621 0.8977497127051262 1.9079664563540428 0.0 0.0 0.0 0.0 0.0 0.0 0.0 0.0 0.0 0.0 0.0 0.0 0.0
3.447477193169589 -1.8629302794936022 0.1519661130007314 -0.9477194767997166 -3.1219490496869473 0.7849312323916555 -1.0392417771618132 2.240567620894936 -1.211707539672833 -1.222862219844822 2.9367441093756663 1.5697027555270946 -1.6217624424425408 -0.9297329294938074 0.0 0.0 0.0 0.0 0.0 0.0 0.0 0.0 0.0 0.0 0.0 0.0 0.0
0.3025098170611331 -0.4105645126177849 0.5428256166451008 -3.3415766409200867 0.14124913153057442 0.1257143186890817 1.4461347025615516 -0.966205692146192 -0.3871554901554107 2.1541381461493936 1.0932532770807357 1.9351295477914945 -1.4622680505940642 -2.9244782931188302 -1.497550162126987 0.0 0.0 0.0 0.0 0.0 0.0 0.0 0.0 0.0 0.0 0.0 0.0
0.0 1.335586251132416 -0.03476777521613326 1.0291397724094455 3.6311124562651567 -1.6628279079639452 0.48085518849517134 2.771734808277948 0.4102502666788713 1.441317408362978 2.9478432084011095 -0.5893651304598334 -1.390639366858289 2.0857536930062874 3.14521732298181 4.981653152234906 0.0 0.0 0.0 0.0 0.0 0.0 0.0 0.0 0.0 0.0 0.0
0.0 1.138973100843014 1.2554784692225769 -0.8631529107650662 -1.0792827068339443 -1.928884358757303 -0.5430930576622967 1.7452258299839578 0.7579599482470916 1.5616063634414559 -0.591616335203415 -3.3599751316759106 0.9699991132961826 -0.5915287263059498 -3.3525947634156172 -1.46315064084949 -0.5392027617636214 0.0 0.0 0.0 0.0 0.0 0.0 0.0 0.0 0.0 0.0
0.0 0.0 -3.1108850017274703 -1.2952989812361433 1.9930573224999464 -0.3564463447522908 -4.794160138363705 -1.2872689604917023 -0.9223528305798626 -1.6473161925507636 -0.40666977515807146 -2.6443545782371647 -0.17052457152746478 -0.15244903711852378 0.3797845243872985 -1.465763196326646 -1.598325758045722 -1.35229310788134 0.0 0.0 0.0 0.0 0.0 0.0 0.0 0.0 0.0
0.0 0.0 0.0 0.23569887144101787 0.1874204612389105 -2.01222253600153 0.35656884937345734 2.9006666962390413 1.1114915087608885 0.7934559600347801 0.7956168389056335 0.023066491937701876 1.340519467705813 1.0517552360216904 1.015287487080621 0.32081978608002126 0.05088131973487136 1.9536131827933079 0.8677606515689599 0.0 0.0 0.0 0.0 0.0 0.0 0.0 0.0
0.0 0.0 0.0 0.0 0.0 1.7648657486170525 1.9715365239380582 2.2015646196247447 0.5537465626303422 -1.4541582564504645 1.6058879029408406 2.015014230516457 1.8163745731995775 0.5728372953321197 0.39942222005066585 0.0939975047353184 0.6465972435080692 -0.8029962953973362 -1.447340946841417 -0.08640185277028702 0.0 0.0 0.0 0.0 0.0 0.0 0.0
0.0 0.0 0.0 0.0 0.0 0.0 0.0 0.0 0.0 0.0 0.0 0.0 0.0 0.0 0.0 0.0 0.0 0.0 0.0 0.0 0.0 0.0 0.0 0.0 0.0 0.0 0.0
0.0 0.0 0.0 0.0 0.0 0.0 0.0 0.0 0.0 0.0 0.0 0.0 0.0 0.0 0.0 0.0 0.0 0.0 0.0 0.0 0.0 0.0 0.0 0.0 0.0 0.0 0.0
0.0 0.0 0.0 0.0 0.0 0.0 0.0 0.0 0.0 0.0 0.0 0.0 0.0 0.0 0.0 0.0 0.0 0.0 0.0 0.0 0.0 0.0 0.0 0.0 0.0 0.0 0.0
0.06557433736506414 0.5021216224833469 1.7801007194583731 -2.958392921179197 -0.24245457941847667 0.013669897140562721 -0.6087942799355751 -2.7112148002838947 -0.15004636253530723 0.0 0.0 0.0 0.0 0.0 0.0 0.0 0.0 0.0 0.0 0.0 0.0 0.0 0.0 0.0 0.0 0.0 0.0
1.4267774692320556 -0.28144969494088534 -2.5160608025226026 -0.5668411898185207 -0.5898909625915989 -2.6195965565838866 -1.663904630219372 0.4054472869358238 0.3156716878369765 -2.286800577162699 -0.2345791122912951 0.0 0.0 0.0 0.0 0.0 0.0 0.0 0.0 0.0 0.0 0.0 0.0 0.0 0.0 0.0 0.0
1.6214626165308763 -0.3583138187803156 -1.4337428278873559 -0.330141552729098 -0.2894798501384821 -0.2159395016646806 0.6577432628180035 -0.37909696276971594 -1.7093857449698178 -1.2654905197846158 0.5546411671455981 1.4413396128279101 0.10560917011421937 0.0 0.0 0.0 0.0 0.0 0.0 0.0 0.0 0.0 0.0 0.0 0.0 0.0 0.0
-0.9581551370796744 1.8425073408928998 0.9112547854165969 1.4686770798569513 -1.3279457573097029 -1.091881119269338 2.2253404020170997 1.5233941555173465 -1.1801750368145105 0.9568463571901231 2.0320446337844786 3.3041023926106425 1.0911878182050034 -1.0889835745138503 0.0 0.0 0.0 0.0 0.0 0.0 0.0 0.0 0.0 0.0 0.0 0.0 0.0
1.0342125846760593 -0.6714064074406118 -2.0785730053077165 -1.3380250703109247 -1.1535597207519679 0.4139485459417736 0.44540451073585235 -1.0777959737450082 -2.561450677433583 -1.564843696369258 -0.5156153284670433 -2.334205912558656 -3.5117011565287695 -0.9151973512622875 4.7207054391548295 0.0 0.0 0.0 0.0 0.0 0.0 0.0 0.0 0.0 0.0 0.0 0.0
-0.193714849884385 2.2412477170964964 1.4180409222344657 -2.5256636019395535 0.7184022249855014 1.074230968272877 1.3148429823353245 2.5908760355409366 -0.9601662615298868 -1.5726071687238479 -1.2313619712685677 -2.6781424626563135 1.8572528210932948 2.7531434857800208 2.450515541129757 0.0 0.0 0.0 0.0 0.0 0.0 0.0 0.0 0.0 0.0 0.0 0.0
3.3615396551114003 0.02764375902410948 0.6076925969680765 0.5387772578199757 0.09438923205002533 1.8338362773557906 3.2383754022882663 2.316951701285016 1.535071175392325 0.3931933510336689 0.36066761274095566 1.6365745893202992 -5.159447712749299 -0.9029581686182161 -0.6233993172095839 -0.01559678747420067 0.0 0.0 0.0 0.0 0.0 0.0 0.0 0.0 0.0 0.0 0.0
-0.14967762671851087 -1.5617521669985501 0.04092175217497192 1.567264382559353 -1.0379264797757235 -1.7142622728635084 0.03702724653309358 0.581812058536065 0.9077867122430562 -1.8818926082347804 -2.1279974135431123 0.811162996261 -1.7320476173056594 -0.24288642211234945 -0.18473614704883895 -0.8965626573899497 -0.9830608551214362 0.0 0.0 0.0 0.0 0.0 0.0 0.0 0.0 0.0 0.0
-2.5578298258503476 -3.9643197337462164 0.633497031090785 1.7480623388460605 -0.9783998684105393 -1.82190188671838 -3.3487610057305446 2.6265349356987313 1.5359478921243477 -0.46410579481619957 -0.30806503805808233 -0.5922573094424043 1.158343483156781 1.1956478778477901 0.9520364396053838 1.7549096008244085 0.7624652053548372 2.004580996112985 0.0 0.0 0.0 0.0 0.0 0.0 0.0 0.0 0.0
0.0 0.6389832560773774 -2.2801512388921634 -1.8311780887790887 -0.2676361839586981 -2.211768404147613 -1.1837856491160004 -0.2025421699899629 1.8142734691133973 1.9990083985853417 0.49918898156868896 -0.9327030278687167 1.1202267964069383 -0.9302158994964187 -2.0454867534581673 0.2233129664632463 1.00499293068647 0.31754185360895143 -1.6461725052379799 0.0 0.0 0.0 0.0 0.0 0.0 0.0 0.0
0.0 0.0 -0.525200235599692 -0.25551713994097625 0.10799435495155262 -0.5799403570750943 -2.3072018666378176 -1.8423444870093304 -1.4103270829742247 -2.452235406476682 -0.7572582528128095 1.0196753523675006 2.396891049965645 2.2833448800551035 2.8130185691968066 -0.7848096319111948 -0.7748480608475223 0.32926595678320136 1.1422439288928725 0.0 0.0 0.0 0.0 0.0 0.0 0.0 0.0
0.0 0.0 0.0 1.0136971635679373 0.4870131949792618 0.190429937031436 0.506007155892392 -1.9344362293637487 -1.9654359875945204 2.6329370441504785 3.164378930631095 -0.770132754597303 -0.5495531800947424 1.2193446984464382 0.2903989819016698 0.06384453741913186 -0.8246532461508391 0.5598605259565109 1.8550103048305433 2.4406990706053184 0.0 0.0 0.0 0.0 0.0 0.0 0.0
0.0 0.0 0.0 0.0 0.0 0.0 0.0 0.0 0.0 0.0 0.0 0.0 0.0 0.0 0.0 0.0 0.0 0.0 0.0 0.0 0.0 0.0 0.0 0.0 0.0 0.0 0.0
0.0 0.0 0.0 0.0 0.0 0.0 0.0 0.0 0.0 0.0 0.0 0.0 0.0 0.0 0.0 0.0 0.0 0.0 0.0 0.0 0.0 0.0 0.0 0.0 0.0 0.0 0.0
0.0 0.0 0.0 0.0 0.0 0.0 0.0 0.0 0.0 0.0 0.0 0.0 0.0 0.0 0.0 0.0 0.0 0.0 0.0 0.0 0.0 0.0 0.0 0.0 0.0 0.0 0.0
0.16882959981653087 0.5007907798765682 -2.898163215437038 1.9598007410994758 0.5943752517802742 0.6514339407843776 1.3274524784084027 -0.873016512705918 -0.7561760981866077 -3.017921066037202 -3.495418245849342 0.0 0.0 0.0 0.0 0.0 0.0 0.0 0.0 0.0 0.0 0.0 0.0 0.0 0.0 0.0 0.0
1.6214626165308763 -0.3583138187803156 -1.4337428278873559 -0.330141552729098 -0.2894798501384821 -0.2159395016646806 0.6577432628180035 -0.37909696276971594 -1.7093857449698178 -1.2654905197846158 0.5546411671455981 1.4413396128279101 0.10560917011421937 0.0 0.0 0.0 0.0 0.0 0.0 0.0 0.0 0.0 0.0 0.0 0.0 0.0 0.0
2.409832322218086 0.3728442475660336 0.6881613700669634 1.178946090776884 -0.7022127967461731 -1.344110844103088 -1.8390109297952446 -0.5567301591306609 -0.17780008033937372 -3.4238248074876827 -1.6240727377557438 -0.2976584367355928 0.13986935148579305 1.289108905574807 -0.04924222146649826 0.0 0.0 0.0 0.0 0.0 0.0 0.0 0.0 0.0 0.0 0.0 0.0
-0.7881048602702063 -1.973289937350347 -2.435145158544759 -2.2024044101568787 1.228099070136777 -1.8773097352948582 -3.948153422701738 -0.9457219222271718 0.3429397097884525 2.538581974240408 0.5693066158868978 -2.4187795201905233 -1.6457381839274055 -3.4663483438738 -1.6694896069614626 0.0 0.0 0.0 0.0 0.0 0.0 0.0 0.0 0.0 0.0 0.0 0.0
-0.17679990151104344 -0.9775318292133678 -0.15244463713555723 -0.08563688573072992 0.21271106190206593 1.1539638014797002 -2.0727713163673753 1.4600730344234605 1.8270448769673513 0.734668844496503 0.0355695657022378 -2.15750607416375 -0.5031354775864556 -3.281118685650922 -1.9531615657121446 0.0 0.0 0.0 0.0 0.0 0.0 0.0 0.0 0.0 0.0 0.0 0.0
0.9389453823754548 0.9810146038346539 -0.5541091558119612 -0.5472898320683521 2.904733440985963 1.8991775300957758 1.5202212078070372 -0.8028947874520147 -2.620901118175957 1.3450653343036612 -0.7870579219498106 1.302397818297714 1.1529842985206356 -0.5815115554407294 -0.167621847116386 -0.034257607571028505 0.0 0.0 0.0 0.0 0.0 0.0 0.0 0.0 0.0 0.0 0.0
0.8060803274443888 1.828355112465405 0.20585775363709055 1.2486141822541972 1.130374777249475 2.157700229281914 1.347399007206467 -0.15458056168668052 3.95781630029726 1.7121690665450422 2.2397979332517557 2.9631200460405895 0.8187785454993532 -0.8971155476325804 -2.0264709033443964 0.25734342822865985 0.0 0.0 0.0 0.0 0.0 0.0 0.0 0.0 0.0 0.0 0.0
-0.3414622244752945 0.3524128341116206 -2.9114517263974484 1.164369687150753 1.295771056628583 1.2185396624171874 3.285162595375059 -0.8775282998698765 2.3191193055154744 0.6156212908108266 -0.05806180917510027 -1.1397990776808316 3.074404768758248 2.7087236938109895 2.1512570075493525 -1.9923384179044012 1.2944030981827699 0.0 0.0 0.0 0.0 0.0 0.0 0.0 0.0 0.0 0.0
-2.821373903201677 -0.5416567912450497 3.453066398527981 2.471011560482952 1.4763377154740678 -1.3019565000664832 -1.5826566608927772 3.69568570121086 0.008381353338749443 -1.0483233801655207 -2.3802012529924053 1.2693598824660361 0.3147437382672024 3.1780479916301405 -2.375101602146606 -2.77979929878867 0.6946353845560101 -0.9631563580948123 0.0 0.0 0.0 0.0 0.0 0.0 0.0 0.0 0.0
0.6137538741686992 1.281438267408033 1.378804010279959 -0.0041064593917235935 1.7967338836067894 1.4228818826717295 2.80893563267978 -1.3307389191315575 1.2612906883481347 -1.6437452464340085 -1.573497564993613 -1.962304863484065 -3.5730105920308177 0.3285382678292023 2.4849544321394523 5.0848807159191445 1.069321045874866 1.8205951062707482 0.2441217566501733 0.0 0.0 0.0 0.0 0.0 0.0 0.0 0.0
0.0 -1.5696603205500599 1.0121645220542776 -1.3439264045714803 -0.081967715205003 -2.8969494836294407 -2.4876606888821717 0.20467616634850216 -0.25509865710811114 -2.363924341679326 -1.134482332141625 -0.9684436561210225 -1.4748084473775305 -0.15867159287011762 -2.982805556955494 1.407407192641208 3.9752173622970646 3.584611822025617 -0.5638636329400886 -1.0723268908197368 0.0 0.0 0.0 0.0 0.0 0.0 0.0
0.0 0.0 0.9355145889097961 -0.06596151158135512 0.21016281208469847 -0.6734671587369488 0.30227244250284835 0.176176909731953 1.5708278928520814 0.4843386597262011 2.4616956889201775 4.083308796071705 -2.132722101665531 -1.9590690463152274 1.3338984918165917 -0.9246261838272604 0.6398197427100711 1.8740842673715274 -0.40696001497090023 -0.7227342555384609 0.749316742028374 0.0 0.0 0.0 0.0 0.0 0.0
0.0 0.0 0.0 0.0 0.0 0.0 0.0 0.0 0.0 0.0 0.0 0.0 0.0 0.0 0.0 0.0 0.0 0.0 0.0 0.0 0.0 0.0 0.0 0.0 0.0 0.0 0.0
0.0 0.0 0.0 0.0 0.0 0.0 0.0 0.0 0.0 0.0 0.0 0.0 0.0 0.0 0.0 0.0 0.0 0.0 0.0 0.0 0.0 0.0 0.0 0.0 0.0 0.0 0.0
0.0 0.0 0.0 0.0 0.0 0.0 0.0 0.0 0.0 0.0 0.0 0.0 0.0 0.0 0.0 0.0 0.0 0.0 0.0 0.0 0.0 0.0 0.0 0.0 0.0 0.0 0.0
2.1280604676793535 0.3727817234622209 1.2354824782694565 -1.0845423654482644 1.1491074916982482 -0.522246047310618 3.7032079689214035 -2.18914704761107 -2.618801708345119 1.2432084207813356 -1.9700609203759858 -0.2406082916236517 0.0 0.0 0.0 0.0 0.0 0.0 0.0 0.0 0.0 0.0 0.0 0.0 0.0 0.0 0.0
-0.9581551370796744 1.8425073408928998 0.9112547854165969 1.4686770798569513 -1.3279457573097029 -1.091881119269338 2.2253404020170997 1.5233941555173465 -1.1801750368145105 0.9568463571901231 2.0320446337844786 3.3041023926106425 1.0911878182050034 -1.0889835745138503 0.0 0.0 0.0 0.0 0.0 0.0 0.0 0.0 0.0 0.0 0.0 0.0 0.0
-0.7881048602702063 -1.973289937350347 -2.435145158544759 -2.2024044101568787 1.228099070136777 -1.8773097352948582 -3.948153422701738 -0.9457219222271718 0.3429397097884525 2.538581974240408 0.5693066158868978 -2.4187795201905233 -1.6457381839274055 -3.4663483438738 -1.6694896069614626 0.0 0.0 0.0 0.0 0.0 0.0 0.0 0.0 0.0 0.0 0.0 0.0
0.25268865521672956 0.5803407748825057 -1.9047804401493824 -0.05764469620329759 1.0231880329771155 1.7886315603097223 0.555553081303077 0.5004510082912043 1.0060878363606622 -1.3228159479009087 -1.78984475786218 -1.661839696304188 -1.4819137199099723 1.6861724746612772 -0.37995739646447335 0.0 0.0 0.0 0.0 0.0 0.0 0.0 0.0 0.0 0.0 0.0 0.0
-2.1321661113811436 0.7072397509413401 0.887524156134201 -2.4484487297924575 -2.0856916050661534 1.7023981763394338 -0.010431997232889643 -4.195665338377989 -0.47388903173813346 0.7180423515651946 0.07366714042490896 0.25257164560425804 -3.6072836402555404 -3.2430737580237503 -3.3647020605034554 -2.0343578817249366 0.0 0.0 0.0 0.0 0.0 0.0 0.0 0.0 0.0 0.0 0.0
-1.0663945110573156 0.2808161715051017 0.2884880393360579 1.1406396408099548 0.6354907559179682 -2.821362038675112 -2.3640075998037884 0.929976304648399 1.3654435942633947 2.293104887680509 2.3060319681560215 1.758194393893148 3.70416510962755 2.052490284816229 0.6541976035931747 -0.14994779164249247 0.0 0.0 0.0 0.0 0.0 0.0 0.0 0.0 0.0 0.0 0.0
0.3078510404628391 1.257690474381159 -0.7036465533413189 0.028735409405063663 1.2964737770065442 2.5460531037131866 0.33061003275149253 -1.8103757999191006 0.4013496945895676 0.20531841250628843 0.44279309820168905 0.8317654960958797 1.3517274552259253 0.12151971129761228 1.3113632074222819 0.6528243035344158 -1.452341800517221 0.0 0.0 0.0 0.0 0.0 0.0 0.0 0.0 0.0 0.0
-1.8211728562751377 -0.8017682488024219 -0.5866816477313889 -1.7990981048491008 0.5277210704733764 1.3936324672673321 -0.8404539740092056 -1.8730169519405446 -2.25475288544133 -1.3554630019210852 -2.149452727989416 -0.7084434438495386 -0.14658305195775226 -1.3252330025574044 -0.5428425269583194 0.798218922223195 0.07478513721296581 -0.47455705333717074 0.0 0.0 0.0 0.0 0.0 0.0 0.0 0.0 0.0
0.3219422233237342 0.4684265466144532 0.042585452420289015 0.7212646132806626 1.33577585337671 1.8378688525065303 1.4430540169291923 0.2563543585045345 -0.3952933027636416 -2.3292229461183798 -1.997209132593469 -2.7991941024613665 -0.6514310466140115 2.1331143685661176 1.3023999661779129 -2.0752953019576705 -1.3889869132707 -0.7143026111392392 2.098851037023373 0.0 0.0 0.0 0.0 0.0 0.0 0.0 0.0
1.2844249273214365 -0.8231719427912542 -0.0031345120014819225 -1.0734564330671788 -1.2255083248166192 -0.7083933536317063 -0.24957337867492507 0.22920040514697612 0.3041745740656524 0.28092077620588485 -0.6883060273664299 -0.05209863137005482 0.2985690851263616 -1.9565665596638264 -1.3098938076212892 0.08733753218829499 2.068337624634593 -2.3990334810289666 0.6500459275356009 1.0892818260410209 0.0 0.0 0.0 0.0 0.0 0.0 0.0
-1.0619405689411343 -0.030501250006887408 -0.7713118145963354 -1.6656248350267666 -0.557595228945146 -1.0216135824770123 0.4463598470499531 -0.0022938039062179684 -2.6358232316436783 0.4691850729657545 1.0911347100223883 0.503452260336821 1.5301797008388878 0.41359345844758555 0.2906296597086566 -0.21948734331943953 -0.3469911873068099 1.8021825792515775 3.2932150983457684 1.6884492230766885 0.0 0.0 0.0 0.0 0.0 0.0 0.0
0.0 0.624331992244283 1.5358242586283126 1.3045977176196866 1.113443602430529 -2.810128171331857 1.3129166343316598 1.5965278109048082 0.6210275315761878 -0.43019832609225744 -2.199367351178299 -2.0968030561779347 -1.1417223576908897 -0.9294375470831021 -0.35169240014124403 0.27407809337261285 -0.11328316367015216 -0.0670353702956807 -1.5565333456880845 -2.3448696188651903 -0.35940499484847716 0.0 0.0 0.0 0.0 0.0 0.0
0.0 0.0 0.0 0.0 0.0 0.0 0.0 0.0 0.0 0.0 0.0 0.0 0.0 0.0 0.0 0.0 0.0 0.0 0.0 0.0 0.0 0.0 0.0 0.0 0.0 0.0 0.0
0.0 0.0 0.0 0.0 0.0 0.0 0.0 0.0 0.0 0.0 0.0 0.0 0.0 0.0 0.0 0.0 0.0 0.0 0.0 0.0 0.0 0.0 0.0 0.0 0.0 0.0 0.0
0.0 0.0 0.0 0.0 0.0 0.0 0.0 0.0 0.0 0.0 0.0 0.0 0.0 0.0 0.0 0.0 0.0 0.0 0.0 0.0 0.0 0.0 0.0 0.0 0.0 0.0 0.0
1.7332882047027791 1.6083215044615684 -1.4772381204753047 -0.441135891480993 -1.4229018811376368 0.2730918838017527 -4.0326385012772885 1.1354174157742414 0.553408830359661 0.35607290122392954 -0.4591296517608703 -3.134243251755621 0.8977497127051262 1.9079664563540428 0.0 0.0 0.0 0.0 0.0 0.0 0.0 0.0 0.0 0.0 0.0 0.0 0.0
1.0342125846760593 -0.6714064074406118 -2.0785730053077165 -1.3380250703109247 -1.1535597207519679 0.4139485459417736 0.44540451073585235 -1.0777959737450082 -2.561450677433583 -1.564843696369258 -0.5156153284670433 -2.334205912558656 -3.5117011565287695 -0.9151973512622875 4.7207054391548295 0.0 0.0 0.0 0.0 0.0 0.0 0.0 0.0 0.0 0.0 0.0 0.0
-0.17679990151104344 -0.9775318292133678 -0.15244463713555723 -0.08563688573072992 0.21271106190206593 1.1539638014797002 -2.0727713163673753 1.4600730344234605 1.8270448769673513 0.734668844496503 0.0355695657022378 -2.15750607416375 -0.5031354775864556 -3.281118685650922 -1.9531615657121446 0.0 0.0 0.0 0.0 0.0 0.0 0.0 0.0 0.0 0.0 0.0 0.0
-2.1321661113811436 0.7072397509413401 0.887524156134201 -2.4484487297924575 -2.0856916050661534 1.7023981763394338 -0.010431997232889643 -4.195665338377989 -0.47388903173813346 0.7180423515651946 0.07366714042490896 0.25257164560425804 -3.6072836402555404 -3.2430737580237503 -3.3647020605034554 -2.0343578817249366 0.0 0.0 0.0 0.0 0.0 0.0 0.0 0.0 0.0 0.0 0.0
0.30425073090185123 0.9504102825574723 -0.2946770199286368 -1.322944355224609 -0.8166376959045729 -1.2994223616347764 -2.8768244963647636 0.8411951650011112 3.408161308842269 1.0597647418821436 -0.3838214140125971 -0.9537140737996356 4.261296204546745 2.29715891188183 0.3999032945853188 0.7119596245309303 0.0 0.0 0.0 0.0 0.0 0.0 0.0 0.0 0.0 0.0 0.0
0.5153246500808724 1.4291748565214433 -0.11123867285435983 0.04062572975910131 2.0638810807060377 0.49496047004735594 1.4931590814642886 0.2766008142485173 -1.4932784777012857 0.34796140749004356 1.6600523275044337 2.4972946075930422 1.4493520243867044 -0.3152422511118589 0.7583765068633762 1.0542524817801142 0.0 0.0 0.0 0.0 0.0 0.0 0.0 0.0 0.0 0.0 0.0
0.4121540153165439 -0.11817685547175975 1.3914176587418763 0.434299532279705 -0.33326865217005597 0.20453537407171796 0.5595925666649209 0.30048896725406066 -1.984786925941882 0.2206415899591358 1.9964898581208603 2.484306021988373 1.04103166497915 -2.113212945570798 -1.9069297077540261 -1.014272851285845 -1.9137965225086062 0.0 0.0 0.0 0.0 0.0 0.0 0.0 0.0 0.0 0.0
-1.636186705784756 -1.5096572781046016 -0.7728573353509456 1.1415555296686994 3.2078751488277075 1.935603280466876 0.8863890067349107 0.11491033533927841 0.5909543796380429 -0.47184278874250124 -0.5349614317712653 -0.029383313013873844 0.4938589259351378 -0.1716793891910825 -0.8145521800446247 2.970661394870335 3.311352061950698 0.5563227619645374 0.0 0.0 0.0 0.0 0.0 0.0 0.0 0.0 0.0
-0.6168151043126961 2.3818509731414 2.8556802600511313 1.181603547617848 -0.8548101420188698 -1.2177534248414914 0.3917997973957132 2.6496920869270846 2.8833009772384277 0.6712058919874134 -0.028575056666794652 -0.014000603085985283 -0.3354656041302046 -0.5494068899676376 -0.46504155594559576 0.049852978046866434 0.7228198305213588 -1.7099361527471069 -1.9045764108631096 0.0 0.0 0.0 0.0 0.0 0.0 0.0 0.0
-0.803254851300979 -0.5967742066410916 1.3054565877134896 2.472295033388058 1.7475819141847142 1.1231673550641852 -0.2463534106622133 -1.2637184046914207 1.1882114756552429 0.16800935575823123 -0.6713385640211672 -1.0484339409747307 -1.0093947538522041 -0.17039823270901722 0.028270866027048234 0.09647960682226032 -0.17856464236491768 -0.37232094845547725 -0.19885167588775451 0.2669870305506046 0.0 0.0 0.0 0.0 0.0 0.0 0.0
-0.7499089129436518 0.49684324751423353 -0.015279575490351095 -0.1509921906827076 0.7492300850099148 -0.38837096958483447 -0.3531570253426734 -0.12002746640850095 -1.8325521748054636 -0.5292580885804683 0.5039329689034695 0.8291994681030354 0.42639400518953996 -0.08157257954587878 0.05013731395956722 0.013695230181286386 0.03593304350461582 0.060191187797944114 1.0902315132805362 -0.56504879410279 -0.736036399450125 0.0 0.0 0.0 0.0 0.0 0.0
0.0 -0.6102300048727963 0.058221470590739545 2.16451500426934 1.6790510985017308 2.047055311741459 1.4927403631798872 -1.5624608758312584 0.4222598742077049 1.0601231394273731 1.5560539591991658 1.2221620537289761 -0.0634337590887323 -0.5035151464559712 -0.11027619893970156 0.04054907812634152 -0.009276666587546431 0.02867315028710824 -0.16479649407044913 1.7805119387124633 0.6024644755842194 -0.2751430342291081 0.0 0.0 0.0 0.0 0.0
0.0 0.0 0.0 0.0 0.0 0.0 0.0 0.0 0.0 0.0 0.0 0.0 0.0 0.0 0.0 0.0 0.0 0.0 0.0 0.0 0.0 0.0 0.0 0.0 0.0 0.0 0.0
0.0 0.0 0.0 0.0 0.0 0.0 0.0 0.0 0.0 0.0 0.0 0.0 0.0 0.0 0.0 0.0 0.0 0.0 0.0 0.0 0.0 0.0 0.0 0.0 0.0 0.0 0.0
0.0 0.0 0.0 0.0 0.0 0.0 0.0 0.0 0.0 0.0 0.0 0.0 0.0 0.0 0.0 0.0 0.0 0.0 0.0 0.0 0.0 0.0 0.0 0.0 0.0 0.0 0.0
3.447477193169589 -1.8629302794936022 0.1519661130007314 -0.9477194767997166 -3.1219490496869473 0.7849312323916555 -1.0392417771618132 2.240567620894936 -1.211707539672833 -1.222862219844822 2.9367441093756663 1.5697027555270946 -1.6217624424425408 -0.9297329294938074 0.0 0.0 0.0 0.0 0.0 0.0 0.0 0.0 0.0 0.0 0.0 0.0 0.0
-0.193714849884385 2.2412477170964964 1.4180409222344657 -2.5256636019395535 0.7184022249855014 1.074230968272877 1.3148429823353245 2.5908760355409366 -0.9601662615298868 -1.5726071687238479 -1.2313619712685677 -2.6781424626563135 1.8572528210932948 2.7531434857800208 2.450515541129757 0.0 0.0 0.0 0.0 0.0 0.0 0.0 0.0 0.0 0.0 0.0 0.0
0.9389453823754548 0.9810146038346539 -0.5541091558119612 -0.5472898320683521 2.904733440985963 1.8991775300957758 1.5202212078070372 -0.8028947874520147 -2.620901118175957 1.3450653343036612 -0.7870579219498106 1.302397818297714 1.1529842985206356 -0.5815115554407294 -0.167621847116386 -0.034257607571028505 0.0 0.0 0.0 0.0 0.0 0.0 0.0 0.0 0.0 0.0 0.0
-1.0663945110573156 0.2808161715051017 0.2884880393360579 1.1406396408099548 0.6354907559179682 -2.821362038675112 -2.3640075998037884 0.929976304648399 1.3654435942633947 2.293104887680509 2.3060319681560215 1.758194393893148 3.70416510962755 2.052490284816229 0.6541976035931747 -0.14994779164249247 0.0 0.0 0.0 0.0 0.0 0.0 0.0 0.0 0.0 0.0 0.0
0.5153246500808724 1.4291748565214433 -0.11123867285435983 0.04062572975910131 2.0638810807060377 0.49496047004735594 1.4931590814642886 0.2766008142485173 -1.4932784777012857 0.34796140749004356 1.6600523275044337 2.4972946075930422 1.4493520243867044 -0.3152422511118589 0.7583765068633762 1.0542524817801142 0.0 0.0 0.0 0.0 0.0 0.0 0.0 0.0 0.0 0.0 0.0
-1.1925395053668157 2.4509883950679003 1.766985026221041 1.2366435871629762 0.5238542584776681 1.8935449750799436 -0.02910245156915144 -0.5189864375843836 0.925467688460176 0.4478536594903699 -0.3691374740516155 -0.8415932761673196 -0.4221703595058647 0.0025559332329383776 -1.4835707492029595 -1.4322813505836527 -0.3841734750433965 0.0 0.0 0.0 0.0 0.0 0.0 0.0 0.0 0.0 0.0
-1.2892011549711355 -1.3706509189872365 -0.6779976662644511 1.5316529336609155 -1.0055682477121237 1.4211886607809072 2.813055361965123 2.0293210292270247 0.2928102942728489 0.00040297660638616127 0.11219982722063718 -0.020621632154190866 -0.8679458441205912 -1.9895574130401974 -0.8556867476503812 0.3764381226259074 1.408480338573785 0.0 0.0 0.0 0.0 0.0 0.0 0.0 0.0 0.0 0.0
2.3627954004268426 0.9582570072994259 0.31506047931311465 0.4976030249943334 0.18346996714549854 0.636400320676307 0.562060792512508 0.4840031523340383 0.10994795159727302 0.029777638307739666 -0.3222077173163128 -0.6579900553249788 -0.6858618415017991 -0.24644416245815967 0.24171165225859478 0.3048879689465406 -4.530216286739582 -4.40615264603815 0.0 0.0 0.0 0.0 0.0 0.0 0.0 0.0 0.0
-1.8547525552701865 1.0101602733396475 1.4129626213190574 -0.45323162161166275 1.7497577613611992 1.7509008269039399 -0.43141177908617095 -1.4711119409578515 -0.6768119959000749 0.6717600789483239 1.0896160347863277 0.8729522285121526 0.21246496146216654 -0.33429636466497753 -0.26115554518990924 0.2884021703158291 -0.7638097471423901 -1.7257290697599434 -0.8744789079403991 0.0 0.0 0.0 0.0 0.0 0.0 0.0 0.0
-1.3168453937181879 -0.08299714504035817 0.7948753326768557 0.26908996605915597 -0.6088674182528957 -0.6701742921685933 0.8310965039002883 1.5124423298115295 0.9454014538799651 0.7671078291270308 0.4108186819663354 -0.0334003938039408 -0.25885752263672823 -0.1242475922101998 0.08118951837980527 0.030046798150834903 0.07786101622656594 -0.13081610640451027 2.5197526902283762 0.7251496143275413 0.0 0.0 0.0 0.0 0.0 0.0 0.0
0.781805418065879 1.16751549005616 0.5067755398904153 0.651221655417767 0.15761829518928205 0.2559267909702644 -0.13511472832988763 -0.14471037529871864 0.465492540930102 0.30631226012988794 0.13019637973869827 0.13661983018986398 0.24942345396708726 0.278739655002864 0.10529666988502392 0.024157212485686867 0.042037870144134404 0.020322872195434816 -0.09120506592769177 -2.7591411794342195 -3.5838968952034858 0.0 0.0 0.0 0.0 0.0 0.0
-1.7401827147672735 -0.2785937405147504 0.5112535337090051 0.3734507533761273 1.6279285048863543 -0.6847505553512337 -0.8763569148602444 0.8286078306639053 0.8407193547058368 0.8860432605964073 0.6821316830229931 0.3972018022665682 0.13755796921356597 0.04459647001881817 0.031142512068585346 0.028151542915377123 0.03803835184509536 0.045235902889329466 0.05716947621463581 0.04935765957673209 1.248036619687464 1.98886032426934 0.0 0.0 0.0 0.0 0.0
0.0 0.0 0.0 0.0 0.0 0.0 0.0 0.0 0.0 0.0 0.0 0.0 0.0 0.0 0.0 0.0 0.0 0.0 0.0 0.0 0.0 0.0 0.0 0.0 0.0 0.0 0.0
0.0 0.0 0.0 0.0 0.0 0.0 0.0 0.0 0.0 0.0 0.0 0.0 0.0 0.0 0.0 0.0 0.0 0.0 0.0 0.0 0.0 0.0 0.0 0.0 0.0 0.0 0.0
0.0 0.0 0.0 0.0 0.0 0.0 0.0 0.0 0.0 0.0 0.0 0.0 0.0 0.0 0.0 0.0 0.0 0.0 0.0 0.0 0.0 0.0 0.0 0.0 0.0 0.0 0.0
0.3025098170611331 -0.4105645126177849 0.5428256166451008 -3.3415766409200867 0.14124913153057442 0.1257143186890817 1.4461347025615516 -0.966205692146192 -0.3871554901554107 2.1541381461493936 1.0932532770807357 1.9351295477914945 -1.4622680505940642 -2.9244782931188302 -1.497550162126987 0.0 0.0 0.0 0.0 0.0 0.0 0.0 0.0 0.0 0.0 0.0 0.0
3.3615396551114003 0.02764375902410948 0.6076925969680765 0.5387772578199757 0.09438923205002533 1.8338362773557906 3.2383754022882663 2.316951701285016 1.535071175392325 0.3931933510336689 0.36066761274095566 1.6365745893202992 -5.159447712749299 -0.9029581686182161 -0.6233993172095839 -0.01559678747420067 0.0 0.0 0.0 0.0 0.0 0.0 0.0 0.0 0.0 0.0 0.0
0.8060803274443888 1.828355112465405 0.20585775363709055 1.2486141822541972 1.130374777249475 2.157700229281914 1.347399007206467 -0.15458056168668052 3.95781630029726 1.7121690665450422 2.2397979332517557 2.9631200460405895 0.8187785454993532 -0.8971155476325804 -2.0264709033443964 0.25734342822865985 0.0 0.0 0.0 0.0 0.0 0.0 0.0 0.0 0.0 0.0 0.0
0.3078510404628391 1.257690474381159 -0.7036465533413189 0.028735409405063663 1.2964737770065442 2.5460531037131866 0.33061003275149253 -1.8103757999191006 0.4013496945895676 0.20531841250628843 0.44279309820168905 0.8317654960958797 1.3517274552259253 0.12151971129761228 1.3113632074222819 0.6528243035344158 -1.452341800517221 0.0 0.0 0.0 0.0 0.0 0.0 0.0 0.0 0.0 0.0
0.4121540153165439 -0.11817685547175975 1.3914176587418763 0.434299532279705 -0.33326865217005597 0.20453537407171796 0.5595925666649209 0.30048896725406066 -1.984786925941882 0.2206415899591358 1.9964898581208603 2.484306021988373 1.04103166497915 -2.113212945570798 -1.9069297077540261 -1.014272851285845 -1.9137965225086062 0.0 0.0 0.0 0.0 0.0 0.0 0.0 0.0 0.0 0.0
-1.2892011549711355 -1.3706509189872365 -0.6779976662644511 1.5316529336609155 -1.0055682477121237 1.4211886607809072 2.813055361965123 2.0293210292270247 0.2928102942728489 0.00040297660638616127 0.11219982722063718 -0.020621632154190866 -0.8679458441205912 -1.9895574130401974 -0.8556867476503812 0.3764381226259074 1.408480338573785 0.0 0.0 0.0 0.0 0.0 0.0 0.0 0.0 0.0 0.0
2.3224702006167237 1.1015306348098197 0.816792398285482 -0.354570199251382 -1.8859197937272631 0.18764268662850156 2.271292832033088 3.062369214432847 1.884515389553446 1.1006261787664078 0.36869921829668767 -0.3528298668466172 -1.2031299386165273 -1.5592540705085711 -0.7946228374347922 0.7717678522089224 1.0375481427393507 1.6563986142135116 0.0 0.0 0.0 0.0 0.0 0.0 0.0 0.0 0.0
1.112531131067511 0.641041044884819 0.13709993674602564 0.29263250674853314 -1.3786090364529375 -0.8779123288408719 0.9358494653094993 2.2342339333406604 2.6647532167106194 1.229025918682063 -0.25028168137118395 -1.336063169061502 -1.7209602984410963 -0.8850998735487186 -0.12674422259699109 0.5575884925673281 -1.707447916607398 -1.1637591220343204 -0.8107092483831717 0.0 0.0 0.0 0.0 0.0 0.0 0.0 0.0
0.34033957853189645 0.563815903368097 -0.2197568728162888 -0.44567895394125595 0.2477763252036216 0.21504209183719566 0.5558636219010694 0.5862145337452161 0.8121573875652286 0.31694051915004817 0.05476411805902035 -0.10631652120648916 -0.4295194606775656 -0.5789046282549967 -0.016741080542505848 0.1030398759737909 -0.011532967214968777 -0.8047394877430459 -1.5006233048846507 -0.08380675899120113 0.0 0.0 0.0 0.0 0.0 0.0 0.0
0.1653130579096943 0.6183763007583158 0.4423153219142592 0.7294883781763625 -0.8465058619609369 0.6453879537044752 1.4043831754318554 1.4330563327457007 0.7434997621176532 0.18394700781661355 -0.12747552465968845 -0.25689983320221316 -0.2437465475826122 -0.0938496578675528 0.05075261805830934 0.07404566497915162 0.029740814438093583 0.045505983840683106 0.1720389157788292 -2.0050606375514497 -2.0208708464699012 0.0 0.0 0.0 0.0 0.0 0.0
-0.9766344407193869 -0.06437849823147966 -0.8190126827378267 0.8051251942296461 0.9904801350710474 -0.27035697310683976 -0.3932390041186715 -0.21651181770826816 -0.17556884110057627 -0.010858247224750917 0.29695172496557865 0.5213323988159422 0.5242216941400555 0.2686318680151306 0.08750486785088621 0.03015084053036772 0.029664477626658223 0.03707010807880168 0.008388065386614157 -0.7750633713317355 -0.5555213680932909 -0.688975724511917 0.0 0.0 0.0 0.0 0.0
0.2152024929305466 1.8008450052277494 0.5004123292805498 -2.065850319042803 -1.9409755452313633 -1.10021312575178 -0.4847570519934209 -0.30174735192346747 0.45646092579421144 0.5549893348326894 0.41736729595611577 0.24809899020500273 0.09745824180066982 0.055046968060732344 0.02759861181151884 0.031698326005452734 0.03377157254451147 0.0256286584376145 0.0491136470786955 0.04118413295972349 1.9060414359050615 -0.06597548637372554 -1.0071355922961915 0.0 0.0 0.0 0.0
0.0 0.0 0.0 0.0 0.0 0.0 0.0 0.0 0.0 0.0 0.0 0.0 0.0 0.0 0.0 0.0 0.0 0.0 0.0 0.0 0.0 0.0 0.0 0.0 0.0 0.0 0.0
0.0 0.0 0.0 0.0 0.0 0.0 0.0 0.0 0.0 0.0 0.0 0.0 0.0 0.0 0.0 0.0 0.0 0.0 0.0 0.0 0.0 0.0 0.0 0.0 0.0 0.0 0.0
0.0 0.0 0.0 0.0 0.0 0.0 0.0 0.0 0.0 0.0 0.0 0.0 0.0 0.0 0.0 0.0 0.0 0.0 0.0 0.0 0.0 0.0 0.0 0.0 0.0 0.0 0.0
0.0 1.335586251132416 -0.03476777521613326 1.0291397724094455 3.6311124562651567 -1.6628279079639452 0.48085518849517134 2.771734808277948 0.4102502666788713 1.441317408362978 2.9478432084011095 -0.5893651304598334 -1.390639366858289 2.0857536930062874 3.14521732298181 4.981653152234906 0.0 0.0 0.0 0.0 0.0 0.0 0.0 0.0 0.0 0.0 0.0
-0.14967762671851087 -1.5617521669985501 0.04092175217497192 1.567264382559353 -1.0379264797757235 -1.7142622728635084 0.03702724653309358 0.581812058536065 0.9077867122430562 -1.8818926082347804 -2.1279974135431123 0.811162996261 -1.7320476173056594 -0.24288642211234945 -0.18473614704883895 -0.8965626573899497 -0.9830608551214362 0.0 0.0 0.0 0.0 0.0 0.0 0.0 0.0 0.0 0.0
-0.3414622244752945 0.3524128341116206 -2.9114517263974484 1.164369687150753 1.295771056628583 1.2185396624171874 3.285162595375059 -0.8775282998698765 2.3191193055154744 0.6156212908108266 -0.05806180917510027 -1.1397990776808316 3.074404768758248 2.7087236938109895 2.1512570075493525 -1.9923384179044012 1.2944030981827699 0.0 0.0 0.0 0.0 0.0 0.0 0.0 0.0 0.0 0.0
-1.8211728562751377 -0.8017682488024219 -0.5866816477313889 -1.7990981048491008 0.5277210704733764 1.3936324672673321 -0.8404539740092056 -1.8730169519405446 -2.25475288544133 -1.3554630019210852 -2.149452727989416 -0.7084434438495386 -0.14658305195775226 -1.3252330025574044 -0.5428425269583194 0.798218922223195 0.07478513721296581 -0.47455705333717074 0.0 0.0 0.0 0.0 0.0 0.0 0.0 0.0 0.0
-1.636186705784756 -1.5096572781046016 -0.7728573353509456 1.1415555296686994 3.2078751488277075 1.935603280466876 0.8863890067349107 0.11491033533927841 0.5909543796380429 -0.47184278874250124 -0.5349614317712653 -0.029383313013873844 0.4938589259351378 -0.1716793891910825 -0.8145521800446247 2.970661394870335 3.311352061950698 0.5563227619645374 0.0 0.0 0.0 0.0 0.0 0.0 0.0 0.0 0.0
2.3627954004268426 0.9582570072994259 0.31506047931311465 0.4976030249943334 0.18346996714549854 0.636400320676307 0.562060792512508 0.4840031523340383 0.10994795159727302 0.029777638307739666 -0.3222077173163128 -0.6579900553249788 -0.6858618415017991 -0.24644416245815967 0.24171165225859478 0.3048879689465406 -4.530216286739582 -4.40615264603815 0.0 0.0 0.0 0.0 0.0 0.0 0.0 0.0 0.0
1.112531131067511 0.641041044884819 0.13709993674602564 0.29263250674853314 -1.3786090364529375 -0.8779123288408719 0.9358494653094993 2.2342339333406604 2.6647532167106194 1.229025918682063 -0.25028168137118395 -1.336063169061502 -1.7209602984410963 -0.8850998735487186 -0.12674422259699109 0.5575884925673281 -1.707447916607398 -1.1637591220343204 -0.8107092483831717 0.0 0.0 0.0 0.0 0.0 0.0 0.0 0.0
-0.8330808721865465 -0.7722218235452071 -0.4875835543236391 -1.2380195991685443 -1.7396193622401102 -0.05272840596822649 -1.2252290491352442 -1.7004994939817757 -0.3003114348289005 0.061437780939512285 0.39883423566237314 0.6050481415638914 0.3291022769106461 -0.3175302913849944 0.1468135587874862 0.14525083793220095 0.8813559164505183 3.317949497019062 2.746543743366949 1.4490128394973287 0.0 0.0 0.0 0.0 0.0 0.0 0.0
0.8283017822179192 -0.19770652410267106 0.7887152771828196 1.5490168773992465 1.466419473038293 0.8015242488218521 0.38408335782184805 0.18296704317895554 -0.7872771923464879 -0.556219001261913 -0.01238430838941014 0.39663705211798866 0.5702516452108568 0.44076470056031103 0.14794865978557767 0.1293522710332814 0.06168972135174252 0.05121754076343218 -3.470050816637599 -3.379883117667959 -2.9752693094921026 0.0 0.0 0.0 0.0 0.0 0.0
-1.0384167013990837 -0.7564115481419297 -0.501452992974736 0.1202306626326341 1.4288090833126528 0.3946325233855977 -1.0848194310571184 -1.7904991331491655 -1.5670858854771974 -1.3853482942103867 -1.1180920795695222 -0.6858880424203024 -0.07194400924531864 0.2554750758784512 0.1988221394016808 0.017081363367858808 0.09622455149601712 0.012263289592888652 0.05917102785960127 -0.39584330151465186 -0.7179862606067384 -0.6223007945347285 0.0 0.0 0.0 0.0 0.0
-0.11596950213460769 0.38828689501878016 -1.198742328266276 -1.3533846541109384 -1.8815130281058674 0.673154620731771 1.264604914745447 0.25194084006162765 -0.850682634141239 -0.5750260556172978 -0.072150821462001 0.24140262234925028 0.4334083688190898 0.3221186115385477 0.08011677245416728 0.026828518061154005 0.022261946636414513 0.03523188980598695 -0.015300613807709952 0.150100677655816 4.2607069260110455 3.0253177959570086 1.9042416589429696 0.0 0.0 0.0 0.0
1.1318313650755412 -1.1065448521653327 -1.1654762987432594 0.3186965046982027 2.099700576977353 0.36542138581321676 -1.0568153197910413 -0.8720311347833697 -0.20851891123428212 0.2504564536839404 0.38271193096971085 0.37228615717716756 0.1076666601274417 -0.08630932289494576 0.006667018619842252 0.023405362065975415 0.02538177523498322 0.04241919595775109 0.0373775149345661 0.007359497160978667 0.22181120310142727 2.3187473269270846 0.27536699224799077 -1.2988888669919862 0.0 0.0 0.0
0.0 0.0 0.0 0.0 0.0 0.0 0.0 0.0 0.0 0.0 0.0 0.0 0.0 0.0 0.0 0.0 0.0 0.0 0.0 0.0 0.0 0.0 0.0 0.0 0.0 0.0 0.0
0.0 0.0 0.0 0.0 0.0 0.0 0.0 0.0 0.0 0.0 0.0 0.0 0.0 0.0 0.0 0.0 0.0 0.0 0.0 0.0 0.0 0.0 0.0 0.0 0.0 0.0 0.0
0.0 0.0 0.0 0.0 0.0 0.0 0.0 0.0 0.0 0.0 0.0 0.0 0.0 0.0 0.0 0.0 0.0 0.0 0.0 0.0 0.0 0.0 0.0 0.0 0.0 0.0 0.0
0.0 1.138973100843014 1.2554784692225769 -0.8631529107650662 -1.0792827068339443 -1.928884358757303 -0.5430930576622967 1.7452258299839578 0.7579599482470916 1.5616063634414559 -0.591616335203415 -3.3599751316759106 0.9699991132961826 -0.5915287263059498 -3.3525947634156172 -1.46315064084949 -0.5392027617636214 0.0 0.0 0.0 0.0 0.0 0.0 0.0 0.0 0.0 0.0
-2.5578298258503476 -3.9643197337462164 0.633497031090785 1.7480623388460605 -0.9783998684105393 -1.82190188671838 -3.3487610057305446 2.6265349356987313 1.5359478921243477 -0.46410579481619957 -0.30806503805808233 -0.5922573094424043 1.158343483156781 1.1956478778477901 0.9520364396053838 1.7549096008244085 0.7624652053548372 2.004580996112985 0.0 0.0 0.0 0.0 0.0 0.0 0.0 0.0 0.0
-2.821373903201677 -0.5416567912450497 3.453066398527981 2.471011560482952 1.4763377154740678 -1.3019565000664832 -1.5826566608927772 3.69568570121086 0.008381353338749443 -1.0483233801655207 -2.3802012529924053 1.2693598824660361 0.3147437382672024 3.1780479916301405 -2.375101602146606 -2.77979929878867 0.6946353845560101 -0.9631563580948123 0.0 0.0 0.0 0.0 0.0 0.0 0.0 0.0 0.0
0.3219422233237342 0.4684265466144532 0.042585452420289015 0.7212646132806626 1.33577585337671 1.8378688525065303 1.4430540169291923 0.2563543585045345 -0.3952933027636416 -2.3292229461183798 -1.997209132593469 -2.7991941024613665 -0.6514310466140115 2.1331143685661176 1.3023999661779129 -2.0752953019576705 -1.3889869132707 -0.7143026111392392 2.098851037023373 0.0 0.0 0.0 0.0 0.0 0.0 0.0 0.0
-0.6168151043126961 2.3818509731414 2.8556802600511313 1.181603547617848 -0.8548101420188698 -1.2177534248414914 0.3917997973957132 2.6496920869270846 2.8833009772384277 0.6712058919874134 -0.028575056666794652 -0.014000603085985283 -0.3354656041302046 -0.5494068899676376 -0.46504155594559576 0.049852978046866434 0.7228198305213588 -1.7099361527471069 -1.9045764108631096 0.0 0.0 0.0 0.0 0.0 0.0 0.0 0.0
-1.8547525552701865 1.0101602733396475 1.4129626213190574 -0.45323162161166275 1.7497577613611992 1.7509008269039399 -0.43141177908617095 -1.4711119409578515 -0.6768119959000749 0.6717600789483239 1.0896160347863277 0.8729522285121526 0.21246496146216654 -0.33429636466497753 -0.26115554518990924 0.2884021703158291 -0.7638097471423901 -1.7257290697599434 -0.8744789079403991 0.0 0.0 0.0 0.0 0.0 0.0 0.0 0.0
0.34033957853189645 0.563815903368097 -0.2197568728162888 -0.44567895394125595 0.2477763252036216 0.21504209183719566 0.5558636219010694 0.5862145337452161 0.8121573875652286 0.31694051915004817 0.05476411805902035 -0.10631652120648916 -0.4295194606775656 -0.5789046282549967 -0.016741080542505848 0.1030398759737909 -0.011532967214968777 -0.8047394877430459 -1.5006233048846507 -0.08380675899120113 0.0 0.0 0.0 0.0 0.0 0.0 0.0
0.8283017822179192 -0.19770652410267106 0.7887152771828196 1.5490168773992465 1.466419473038293 0.8015242488218521 0.38408335782184805 0.18296704317895554 -0.7872771923464879 -0.556219001261913 -0.01238430838941014 0.39663705211798866 0.5702516452108568 0.44076470056031103 0.14794865978557767 0.1293522710332814 0.06168972135174252 0.05121754076343218 -3.470050816637599 -3.379883117667959 -2.9752693094921026 0.0 0.0 0.0 0.0 0.0 0.0
0.9978296272766095 1.6898116780655732 1.4957977288056559 0.5047345425197847 -2.8901635548350426 -2.859202327657586 -1.7032362317291194 -0.5701044148665866 1.107668467120297 -0.02120478492461916 -0.6965823683677482 -0.43821823569301926 0.26458924530956035 0.2922292796916722 0.2914849013228954 -0.04691159141744265 0.03617328403093757 -0.05388815691197617 -0.1812414955101144 -1.1386916695324798 -1.4008101420994492 -1.0996259768566674 0.0 0.0 0.0 0.0 0.0
-1.0578122613792114 -1.3460478612343876 1.6377555860727004 0.27252655958561817 -2.242126533858716 -3.872126030640634 -3.3584000271595307 -2.07448060798048 -0.5693375408523289 -0.11174866099311022 -0.03576680463580576 -0.1146642892657393 -0.11192645648641247 0.09842823578727379 0.04715938955303625 0.05033256060483672 0.04366941896746213 0.04576592980891072 -0.047006423500895234 0.778937692326402 -0.4945633819178847 0.6434894790637603 -0.2721818321041521 0.0 0.0 0.0 0.0
-2.0714004512563116 -0.45184327928160484 -0.041595497414312226 -0.38873300042955294 -1.6345386423199728 -0.8296547947323362 0.024111758935301476 0.4631081174582178 0.5826664814641018 0.5036767393074862 0.32360292941650154 0.13793371146802794 -0.03164462962000907 0.04048246797878498 0.02132032194993397 0.016450701340012128 0.021705269491834312 0.037952459883249884 0.002762987351115919 -0.03516324476368013 0.03197478873715893 -5.8169194475793855 -3.5224564666881886 -0.8633914199922187 0.0 0.0 0.0
0.08032861630720357 -0.28983639607531664 -0.4874446101122456 -1.0247046329581264 -0.40120333100408767 -0.6005773802647807 -0.4977931594281399 -0.3012840885504308 0.057306925811249854 0.24790523203875592 0.3396041438182028 0.2583766518732848 0.06247071995444858 -0.1401045952887195 -0.01621823662318665 0.017263942867351313 0.0318167843678072 0.01839155341187538 0.048777361831032526 0.015096052432421224 0.07185792869762588 0.42651402509315983 1.215976475410504 -1.7853850611453186 0.0 0.0 0.0
0.0 0.0 0.0 0.0 0.0 0.0 0.0 0.0 0.0 0.0 0.0 0.0 0.0 0.0 0.0 0.0 0.0 0.0 0.0 0.0 0.0 0.0 0.0 0.0 0.0 0.0 0.0
0.0 0.0 0.0 0.0 0.0 0.0 0.0 0.0 0.0 0.0 0.0 0.0 0.0 0.0 0.0 0.0 0.0 0.0 0.0 0.0 0.0 0.0 0.0 0.0 0.0 0.0 0.0
0.0 0.0 0.0 0.0 0.0 0.0 0.0 0.0 0.0 0.0 0.0 0.0 0.0 0.0 0.0 0.0 0.0 0.0 0.0 0.0 0.0 0.0 0.0 0.0 0.0 0.0 0.0
0.0 0.0 -3.1108850017274703 -1.2952989812361433 1.9930573224999464 -0.3564463447522908 -4.794160138363705 -1.2872689604917023 -0.9223528305798626 -1.6473161925507636 -0.40666977515807146 -2.6443545782371647 -0.17052457152746478 -0.15244903711852378 0.3797845243872985 -1.465763196326646 -1.598325758045722 -1.35229310788134 0.0 0.0 0.0 0.0 0.0 0.0 0.0 0.0 0.0
0.0 0.6389832560773774 -2.2801512388921634 -1.8311780887790887 -0.2676361839586981 -2.211768404147613 -1.1837856491160004 -0.2025421699899629 1.8142734691133973 1.9990083985853417 0.49918898156868896 -0.9327030278687167 1.1202267964069383 -0.9302158994964187 -2.0454867534581673 0.2233129664632463 1.00499293068647 0.31754185360895143 -1.6461725052379799 0.0 0.0 0.0 0.0 0.0 0.0 0.0 0.0
0.6137538741686992 1.281438267408033 1.378804010279959 -0.0041064593917235935 1.7967338836067894 1.4228818826717295 2.80893563267978 -1.3307389191315575 1.2612906883481347 -1.6437452464340085 -1.573497564993613 -1.962304863484065 -3.5730105920308177 0.3285382678292023 2.4849544321394523 5.0848807159191445 1.069321045874866 1.8205951062707482 0.2441217566501733 0.0 0.0 0.0 0.0 0.0 0.0 0.0 0.0
1.2844249273214365 -0.8231719427912542 -0.0031345120014819225 -1.0734564330671788 -1.2255083248166192 -0.7083933536317063 -0.24957337867492507 0.22920040514697612 0.3041745740656524 0.28092077620588485 -0.6883060273664299 -0.05209863137005482 0.2985690851263616 -1.9565665596638264 -1.3098938076212892 0.08733753218829499 2.068337624634593 -2.3990334810289666 0.6500459275356009 1.0892818260410209 0.0 0.0 0.0 0.0 0.0 0.0 0.0
-0.803254851300979 -0.5967742066410916 1.3054565877134896 2.472295033388058 1.7475819141847142 1.1231673550641852 -0.2463534106622133 -1.2637184046914207 1.1882114756552429 0.16800935575823123 -0.6713385640211672 -1.0484339409747307 -1.0093947538522041 -0.17039823270901722 0.028270866027048234 0.09647960682226032 -0.17856464236491768 -0.37232094845547725 -0.19885167588775451 0.2669870305506046 0.0 0.0 0.0 0.0 0.0 0.0 0.0
-1.3168453937181879 -0.08299714504035817 0.7948753326768557 0.26908996605915597 -0.6088674182528957 -0.6701742921685933 0.8310965039002883 1.5124423298115295 0.9454014538799651 0.7671078291270308 0.4108186819663354 -0.0334003938039408 -0.25885752263672823 -0.1242475922101998 0.08118951837980527 0.030046798150834903 0.07786101622656594 -0.13081610640451027 2.5197526902283762 0.7251496143275413 0.0 0.0 0.0 0.0 0.0 0.0 0.0
0.1653130579096943 0.6183763007583158 0.4423153219142592 0.7294883781763625 -0.8465058619609369 0.6453879537044752 1.4043831754318554 1.4330563327457007 0.7434997621176532 0.18394700781661355 -0.12747552465968845 -0.25689983320221316 -0.2437465475826122 -0.0938496578675528 0.05075261805830934 0.07404566497915162 0.029740814438093583 0.045505983840683106 0.1720389157788292 -2.0050606375514497 -2.0208708464699012 0.0 0.0 0.0 0.0 0.0 0.0
-1.0384167013990837 -0.7564115481419297 -0.501452992974736 0.1202306626326341 1.4288090833126528 0.3946325233855977 -1.0848194310571184 -1.7904991331491655 -1.5670858854771974 -1.3853482942103867 -1.1180920795695222 -0.6858880424203024 -0.07194400924531864 0.2554750758784512 0.1988221394016808 0.017081363367858808 0.09622455149601712 0.012263289592888652 0.05917102785960127 -0.39584330151465186 -0.7179862606067384 -0.6223007945347285 0.0 0.0 0.0 0.0 0.0
-1.0578122613792114 -1.3460478612343876 1.6377555860727004 0.27252655958561817 -2.242126533858716 -3.872126030640634 -3.3584000271595307 -2.07448060798048 -0.5693375408523289 -0.11174866099311022 -0.03576680463580576 -0.1146642892657393 -0.11192645648641247 0.09842823578727379 0.04715938955303625 0.05033256060483672 0.04366941896746213 0.04576592980891072 -0.047006423500895234 0.778937692326402 -0.4945633819178847 0.6434894790637603 -0.2721818321041521 0.0 0.0 0.0 0.0
-2.6942730838473765 0.052749575123843886 2.066309538353077 1.1626607241248639 -1.723306749509295 -2.42632224003794 -1.7289729399535319 -0.6558032961313245 -0.9481965045780153 -0.024256582465358393 0.5083504796281785 0.6159673058980346 0.4006519346707532 0.05720284901613084 -0.006813853589905595 0.013647144468402147 0.012786243771339242 0.02066104545042153 0.01053598704194667 -0.02201429331390654 0.5699675692870145 0.5797390472557615 2.88513682710402 3.3406576796885035 0.0 0.0 0.0
1.4612098537331186 0.6858705924036383 -0.7619130369568956 -0.15934567288390147 -0.2506830582250528 -0.23788957736270105 0.007834803050046009 0.15745001092527278 0.37500767551884884 0.24909669593502137 0.23881956941746432 0.2578532220272955 0.20768596169354903 0.11041867452826333 0.03489625026898038 0.012475067230863501 0.00640853647850857 0.013177426183500901 0.014214687368258568 0.021223506286493585 -0.0666035018836019 -0.23502587180513818 -1.76674516491089 -0.5440207194648609 0.0 0.0 0.0
-1.0352298086925713 0.37815262251109116 0.2800122279117671 -1.438397410413623 -1.7326304597868498 -0.7293591230360504 -0.1338716538188283 0.11794151020338296 0.06325541513738607 0.029353468448724142 0.03804205607787991 0.14328770033743235 0.31220824924982504 0.2108057400841702 0.05794982272628517 -0.00041836803618360924 0.011858303097974393 0.008365043486675147 0.0076852333350287665 0.02098708139725243 0.0309148806312806 0.04870907561951613 0.22490042151850195 1.4662294455649267 0.0 0.0 0.0
0.0 0.0 0.0 0.0 0.0 0.0 0.0 0.0 0.0 0.0 0.0 0.0 0.0 0.0 0.0 0.0 0.0 0.0 0.0 0.0 0.0 0.0 0.0 0.0 0.0 0.0 0.0
0.0 0.0 0.0 0.0 0.0 0.0 0.0 0.0 0.0 0.0 0.0 0.0 0.0 0.0 0.0 0.0 0.0 0.0 0.0 0.0 0.0 0.0 0.0 0.0 0.0 0.0 0.0
0.0 0.0 0.0 0.0 0.0 0.0 0.0 0.0 0.0 0.0 0.0 0.0 0.0 0.0 0.0 0.0 0.0 0.0 0.0 0.0 0.0 0.0 0.0 0.0 0.0 0.0 0.0
0.0 0.0 0.0 0.23569887144101787 0.1874204612389105 -2.01222253600153 0.35656884937345734 2.9006666962390413 1.1114915087608885 0.7934559600347801 0.7956168389056335 0.023066491937701876 1.340519467705813 1.0517552360216904 1.015287487080621 0.32081978608002126 0.05088131973487136 1.9536131827933079 0.8677606515689599 0.0 0.0 0.0 0.0 0.0 0.0 0.0 0.0
0.0 0.0 -0.525200235599692 -0.25551713994097625 0.10799435495155262 -0.5799403570750943 -2.3072018666378176 -1.8423444870093304 -1.4103270829742247 -2.452235406476682 -0.7572582528128095 1.0196753523675006 2.396891049965645 2.2833448800551035 2.8130185691968066 -0.7848096319111948 -0.7748480608475223 0.32926595678320136 1.1422439288928725 0.0 0.0 0.0 0.0 0.0 0.0 0.0 0.0
0.0 -1.5696603205500599 1.0121645220542776 -1.3439264045714803 -0.081967715205003 -2.8969494836294407 -2.4876606888821717 0.20467616634850216 -0.25509865710811114 -2.363924341679326 -1.134482332141625 -0.9684436561210225 -1.4748084473775305 -0.15867159287011762 -2.982805556955494 1.407407192641208 3.9752173622970646 3.584611822025617 -0.5638636329400886 -1.0723268908197368 0.0 0.0 0.0 0.0 0.0 0.0 0.0
-1.0619405689411343 -0.030501250006887408 -0.7713118145963354 -1.6656248350267666 -0.557595228945146 -1.0216135824770123 0.4463598470499531 -0.0022938039062179684 -2.6358232316436783 0.4691850729657545 1.0911347100223883 0.503452260336821 1.5301797008388878 0.41359345844758555 0.2906296597086566 -0.21948734331943953 -0.3469911873068099 1.8021825792515775 3.2932150983457684 1.6884492230766885 0.0 0.0 0.0 0.0 0.0 0.0 0.0
-0.7499089129436518 0.49684324751423353 -0.015279575490351095 -0.1509921906827076 0.7492300850099148 -0.38837096958483447 -0.3531570253426734 -0.12002746640850095 -1.8325521748054636 -0.5292580885804683 0.5039329689034695 0.8291994681030354 0.42639400518953996 -0.08157257954587878 0.05013731395956722 0.013695230181286386 0.03593304350461582 0.060191187797944114 1.0902315132805362 -0.56504879410279 -0.736036399450125 0.0 0.0 0.0 0.0 0.0 0.0
0.781805418065879 1.16751549005616 0.5067755398904153 0.651221655417767 0.15761829518928205 0.2559267909702644 -0.13511472832988763 -0.14471037529871864 0.465492540930102 0.30631226012988794 0.13019637973869827 0.13661983018986398 0.24942345396708726 0.278739655002864 0.10529666988502392 0.024157212485686867 0.042037870144134404 0.020322872195434816 -0.09120506592769177 -2.7591411794342195 -3.5838968952034858 0.0 0.0 0.0 0.0 0.0 0.0
-0.9766344407193869 -0.06437849823147966 -0.8190126827378267 0.8051251942296461 0.9904801350710474 -0.27035697310683976 -0.3932390041186715 -0.21651181770826816 -0.17556884110057627 -0.010858247224750917 0.29695172496557865 0.5213323988159422 0.5242216941400555 0.2686318680151306 0.08750486785088621 0.03015084053036772 0.029664477626658223 0.03707010807880168 0.008388065386614157 -0.7750633713317355 -0.5555213680932909 -0.688975724511917 0.0 0.0 0.0 0.0 0.0
-0.11596950213460769 0.38828689501878016 -1.198742328266276 -1.3533846541109384 -1.8815130281058674 0.673154620731771 1.264604914745447 0.25194084006162765 -0.850682634141239 -0.5750260556172978 -0.072150821462001 0.24140262234925028 0.4334083688190898 0.3221186115385477 0.08011677245416728 0.026828518061154005 0.022261946636414513 0.03523188980598695 -0.015300613807709952 0.150100677655816 4.2607069260110455 3.0253177959570086 1.9042416589429696 0.0 0.0 0.0 0.0
-2.0714004512563116 -0.45184327928160484 -0.041595497414312226 -0.38873300042955294 -1.6345386423199728 -0.8296547947323362 0.024111758935301476 0.4631081174582178 0.5826664814641018 0.5036767393074862 0.32360292941650154 0.13793371146802794 -0.03164462962000907 0.04048246797878498 0.02132032194993397 0.016450701340012128 0.021705269491834312 0.037952459883249884 0.002762987351115919 -0.03516324476368013 0.03197478873715893 -5.8169194475793855 -3.5224564666881886 -0.8633914199922187 0.0 0.0 0.0
1.4612098537331186 0.6858705924036383 -0.7619130369568956 -0.15934567288390147 -0.2506830582250528 -0.23788957736270105 0.007834803050046009 0.15745001092527278 0.37500767551884884 0.24909669593502137 0.23881956941746432 0.2578532220272955 0.20768596169354903 0.11041867452826333 0.03489625026898038 0.012475067230863501 0.00640853647850857 0.013177426183500901 0.014214687368258568 0.021223506286493585 -0.0666035018836019 -0.23502587180513818 -1.76674516491089 -0.5440207194648609 0.0 0.0 0.0
0.2761355335250561 -1.0431981716554461 -0.35914599980553735 -2.0209321367868873 -0.4221518987482127 -0.30243539512655393 -0.022281661707417532 0.18304497876393835 0.1199262469358989 0.11743852326262136 0.02326922860552759 -0.06576728297773166 -0.12911212989036436 -0.15632613197208806 -0.029958283329114876 0.02337859529187984 0.00454946434703137 0.011535754562749993 0.01458637093885825 0.00919875790055868 0.04184942939601494 0.03329046514971106 -0.879494199970524 -0.8713534748655023 0.0 0.0 0.0
-0.030173956762041525 -0.36022422101095997 0.24468928925037695 -1.1992755441512433 -1.5822760709550294 -0.5318894500585462 0.024616255783313314 0.14734239135296023 0.01667582144324491 0.009873704077541946 0.03621518212542805 0.05718180281611539 0.0608647723624737 0.09106851935996538 0.028289257500448597 0.01660071051958975 0.003597468479904629 0.004010201989962197 0.00594763883639491 0.007230728811354734 0.016750296770796858 0.017145841060127214 0.03047209313631328 -0.0655139819575918 0.0 0.0 0.0
0.0 0.0 0.0 0.0 0.0 0.0 0.0 0.0 0.0 0.0 0.0 0.0 0.0 0.0 0.0 0.0 0.0 0.0 0.0 0.0 0.0 0.0 0.0 0.0 0.0 0.0 0.0
0.0 0.0 0.0 0.0 0.0 0.0 0.0 0.0 0.0 0.0 0.0 0.0 0.0 0.0 0.0 0.0 0.0 0.0 0.0 0.0 0.0 0.0 0.0 0.0 0.0 0.0 0.0
0.0 0.0 0.0 0.0 0.0 0.0 0.0 0.0 0.0 0.0 0.0 0.0 0.0 0.0 0.0 0.0 0.0 0.0 0.0 0.0 0.0 0.0 0.0 0.0 0.0 0.0 0.0
0.0 0.0 0.0 0.0 0.0 1.7648657486170525 1.9715365239380582 2.2015646196247447 0.5537465626303422 -1.4541582564504645 1.6058879029408406 2.015014230516457 1.8163745731995775 0.5728372953321197 0.39942222005066585 0.0939975047353184 0.6465972435080692 -0.8029962953973362 -1.447340946841417 -0.08640185277028702 0.0 0.0 0.0 0.0 0.0 0.0 0.0
0.0 0.0 0.0 1.0136971635679373 0.4870131949792618 0.190429937031436 0.506007155892392 -1.9344362293637487 -1.9654359875945204 2.6329370441504785 3.164378930631095 -0.770132754597303 -0.5495531800947424 1.2193446984464382 0.2903989819016698 0.06384453741913186 -0.8246532461508391 0.5598605259565109 1.8550103048305433 2.4406990706053184 0.0 0.0 0.0 0.0 0.0 0.0 0.0
0.0 0.0 0.9355145889097961 -0.06596151158135512 0.21016281208469847 -0.6734671587369488 0.30227244250284835 0.176176909731953 1.5708278928520814 0.4843386597262011 2.4616956889201775 4.083308796071705 -2.132722101665531 -1.9590690463152274 1.3338984918165917 -0.9246261838272604 0.6398197427100711 1.8740842673715274 -0.40696001497090023 -0.7227342555384609 0.749316742028374 0.0 0.0 0.0 0.0 0.0 0.0
0.0 0.624331992244283 1.5358242586283126 1.3045977176196866 1.113443602430529 -2.810128171331857 1.3129166343316598 1.5965278109048082 0.6210275315761878 -0.43019832609225744 -2.199367351178299 -2.0968030561779347 -1.1417223576908897 -0.9294375470831021 -0.35169240014124403 0.27407809337261285 -0.11328316367015216 -0.0670353702956807 -1.5565333456880845 -2.3448696188651903 -0.35940499484847716 0.0 0.0 0.0 0.0 0.0 0.0
0.0 -0.6102300048727963 0.058221470590739545 2.16451500426934 1.6790510985017308 2.047055311741459 1.4927403631798872 -1.5624608758312584 0.4222598742077049 1.0601231394273731 1.5560539591991658 1.2221620537289761 -0.0634337590887323 -0.5035151464559712 -0.11027619893970156 0.04054907812634152 -0.009276666587546431 0.02867315028710824 -0.16479649407044913 1.7805119387124633 0.6024644755842194 -0.2751430342291081 0.0 0.0 0.0 0.0 0.0
-1.7401827147672735 -0.2785937405147504 0.5112535337090051 0.3734507533761273 1.6279285048863543 -0.6847505553512337 -0.8763569148602444 0.8286078306639053 0.8407193547058368 0.8860432605964073 0.6821316830229931 0.3972018022665682 0.13755796921356597 0.04459647001881817 0.031142512068585346 0.028151542915377123 0.03803835184509536 0.045235902889329466 0.05716947621463581 0.04935765957673209 1.248036619687464 1.98886032426934 0.0 0.0 0.0 0.0 0.0
0.2152024929305466 1.8008450052277494 0.5004123292805498 -2.065850319042803 -1.9409755452313633 -1.10021312575178 -0.4847570519934209 -0.30174735192346747 0.45646092579421144 0.5549893348326894 0.41736729595611577 0.24809899020500273 0.09745824180066982 0.055046968060732344 0.02759861181151884 0.031698326005452734 0.03377157254451147 0.0256286584376145 0.0491136470786955 0.04118413295972349 1.9060414359050615 -0.06597548637372554 -1.0071355922961915 0.0 0.0 0.0 0.0
1.1318313650755412 -1.1065448521653327 -1.1654762987432594 0.3186965046982027 2.099700576977353 0.36542138581321676 -1.0568153197910413 -0.8720311347833697 -0.20851891123428212 0.2504564536839404 0.38271193096971085 0.37228615717716756 0.1076666601274417 -0.08630932289494576 0.006667018619842252 0.023405362065975415 0.02538177523498322 0.04241919595775109 0.0373775149345661 0.007359497160978667 0.22181120310142727 2.3187473269270846 0.27536699224799077 -1.2988888669919862 0.0 0.0 0.0
0.08032861630720357 -0.28983639607531664 -0.4874446101122456 -1.0247046329581264 -0.40120333100408767 -0.6005773802647807 -0.4977931594281399 -0.3012840885504308 0.057306925811249854 0.24790523203875592 0.3396041438182028 0.2583766518732848 0.06247071995444858 -0.1401045952887195 -0.01621823662318665 0.017263942867351313 0.0318167843678072 0.01839155341187538 0.048777361831032526 0.015096052432421224 0.07185792869762588 0.42651402509315983 1.215976475410504 -1.7853850611453186 0.0 0.0 0.0
-1.0352298086925713 0.37815262251109116 0.2800122279117671 -1.438397410413623 -1.7326304597868498 -0.7293591230360504 -0.1338716538188283 0.11794151020338296 0.06325541513738607 0.029353468448724142 0.03804205607787991 0.14328770033743235 0.31220824924982504 0.2108057400841702 0.05794982272628517 -0.00041836803618360924 0.011858303097974393 0.008365043486675147 0.0076852333350287665 0.02098708139725243 0.0309148806312806 0.04870907561951613 0.22490042151850195 1.4662294455649267 0.0 0.0 0.0
-0.030173956762041525 -0.36022422101095997 0.24468928925037695 -1.1992755441512433 -1.5822760709550294 -0.5318894500585462 0.024616255783313314 0.14734239135296023 0.01667582144324491 0.009873704077541946 0.03621518212542805 0.05718180281611539 0.0608647723624737 0.09106851935996538 0.028289257500448597 0.01660071051958975 0.003597468479904629 0.004010201989962197 0.00594763883639491 0.007230728811354734 0.016750296770796858 0.017145841060127214 0.03047209313631328 -0.0655139819575918 0.0 0.0 0.0
0.27012206919452414 -0.4380906380790227 -0.06005296186932708 0.6251212784159702 -0.5108577144965383 -0.4989415143852076 -0.2207446067940554 0.004755189017205881 0.06402682244358707 -0.004163093430185491 0.014079141902541848 0.06332906130709806 0.11544539392785136 0.08744955572769712 0.02247987446216434 0.0161653093728359 0.010558539755613732 0.000813084311065901 -0.0034302893480604025 0.0024612296211004117 0.002202180259377337 0.017528177485911553 0.004285246254748452 -0.011779908231533744 0.0 0.0 0.0
0.0 0.0 0.0 0.0 0.0 0.0 0.0 0.0 0.0 0.0 0.0 0.0 0.0 0.0 0.0 0.0 0.0 0.0 0.0 0.0 0.0 0.0 0.0 0.0 0.0 0.0 0.0
0.0 0.0 0.0 0.0 0.0 0.0 0.0 0.0 0.0 0.0 0.0 0.0 0.0 0.0 0.0 0.0 0.0 0.0 0.0 0.0 0.0 0.0 0.0 0.0 0.0 0.0 0.0
0.0 0.0 0.0 0.0 0.0 0.0 0.0 0.0 0.0 0.0 0.0 0.0 0.0 0.0 0.0 0.0 0.0 0.0 0.0 0.0 0.0 0.0 0.0 0.0 0.0 0.0 0.0
0.0 0.0 0.0 0.0 0.0 0.0 0.0 0.0 0.0 0.0 0.0 0.0 0.0 0.0 0.0 0.0 0.0 0.0 0.0 0.0 0.0 0.0 0.0 0.0 0.0 0.0 0.0
0.0 0.0 0.0 0.0 0.0 0.0 0.0 0.0 0.0 0.0 0.0 0.0 0.0 0.0 0.0 0.0 0.0 0.0 0.0 0.0 0.0 0.0 0.0 0.0 0.0 0.0 0.0
0.0 0.0 0.0 0.0 0.0 0.0 0.0 0.0 0.0 0.0 0.0 0.0 0.0 0.0 0.0 0.0 0.0 0.0 0.0 0.0 0.0 0.0 0.0 0.0 0.0 0.0 0.0
0.0 0.0 0.0 0.0 0.0 0.0 0.0 0.0 0.0 0.0 0.0 0.0 0.0 0.0 0.0 0.0 0.0 0.0 0.0 0.0 0.0 0.0 0.0 0.0 0.0 0.0 0.0
0.0 0.0 0.0 0.0 0.0 0.0 0.0 0.0 0.0 0.0 0.0 0.0 0.0 0.0 0.0 0.0 0.0 0.0 0.0 0.0 0.0 0.0 0.0 0.0 0.0 0.0 0.0
0.0 0.0 0.0 0.0 0.0 0.0 0.0 0.0 0.0 0.0 0.0 0.0 0.0 0.0 0.0 0.0 0.0 0.0 0.0 0.0 0.0 0.0 0.0 0.0 0.0 0.0 0.0
0.0 0.0 0.0 0.0 0.0 0.0 0.0 0.0 0.0 0.0 0.0 0.0 0.0 0.0 0.0 0.0 0.0 0.0 0.0 0.0 0.0 0.0 0.0 0.0 0.0 0.0 0.0
0.0 0.0 0.0 0.0 0.0 0.0 0.0 0.0 0.0 0.0 0.0 0.0 0.0 0.0 0.0 0.0 0.0 0.0 0.0 0.0 0.0 0.0 0.0 0.0 0.0 0.0 0.0
0.0 0.0 0.0 0.0 0.0 0.0 0.0 0.0 0.0 0.0 0.0 0.0 0.0 0.0 0.0 0.0 0.0 0.0 0.0 0.0 0.0 0.0 0.0 0.0 0.0 0.0 0.0
0.0 0.0 0.0 0.0 0.0 0.0 0.0 0.0 0.0 0.0 0.0 0.0 0.0 0.0 0.0 0.0 0.0 0.0 0.0 0.0 0.0 0.0 0.0 0.0 0.0 0.0 0.0
0.0 0.0 0.0 0.0 0.0 0.0 0.0 0.0 0.0 0.0 0.0 0.0 0.0 0.0 0.0 0.0 0.0 0.0 0.0 0.0 0.0 0.0 0.0 0.0 0.0 0.0 0.0
0.0 0.0 0.0 0.0 0.0 0.0 0.0 0.0 0.0 0.0 0.0 0.0 0.0 0.0 0.0 0.0 0.0 0.0 0.0 0.0 0.0 0.0 0.0 0.0 0.0 0.0 0.0
0.0 0.0 0.0 0.0 0.0 0.0 0.0 0.0 0.0 0.0 0.0 0.0 0.0 0.0 0.0 0.0 0.0 0.0 0.0 0.0 0.0 0.0 0.0 0.0 0.0 0.0 0.0
0.0 0.0 0.0 0.0 0.0 0.0 0.0 0.0 0.0 0.0 0.0 0.0 0.0 0.0 0.0 0.0 0.0 0.0 0.0 0.0 0.0 0.0 0.0 0.0 0.0 0.0 0.0
0.0 0.0 0.0 0.0 0.0 0.0 0.0 0.0 0.0 0.0 0.0 0.0 0.0 0.0 0.0 0.0 0.0 0.0 0.0 0.0 0.0 0.0 0.0 0.0 0.0 0.0 0.0
0.0 0.0 0.0 0.0 0.0 0.0 0.0 0.0 0.0 0.0 0.0 0.0 0.0 0.0 0.0 0.0 0.0 0.0 0.0 0.0 0.0 0.0 0.0 0.0 0.0 0.0 0.0
0.0 0.0 0.0 0.0 0.0 0.0 0.0 0.0 0.0 0.0 0.0 0.0 0.0 0.0 0.0 0.0 0.0 0.0 0.0 0.0 0.0 0.0 0.0 0.0 0.0 0.0 0.0
0.0 0.0 0.0 0.0 0.0 0.0 0.0 0.0 0.0 0.0 0.0 0.0 0.0 0.0 0.0 0.0 0.0 0.0 0.0 0.0 0.0 0.0 0.0 0.0 0.0 0.0 0.0
0.0 0.0 0.0 0.0 0.0 0.0 0.0 0.0 0.0 0.0 0.0 0.0 0.0 0.0 0.0 0.0 0.0 0.0 0.0 0.0 0.0 0.0 0.0 0.0 0.0 0.0 0.0
0.0 0.0 0.0 0.0 0.0 0.0 0.0 0.0 0.0 0.0 0.0 0.0 0.0 0.0 0.0 0.0 0.0 0.0 0.0 0.0 0.0 0.0 0.0 0.0 0.0 0.0 0.0
0.0 0.0 0.0 0.0 0.0 0.0 0.0 0.0 0.0 0.0 0.0 0.0 0.0 0.0 0.0 0.0 0.0 0.0 0.0 0.0 0.0 0.0 0.0 0.0 0.0 0.0 0.0
0.0 0.0 0.0 0.0 0.0 0.0 0.0 0.0 0.0 0.0 0.0 0.0 0.0 0.0 0.0 0.0 0.0 0.0 0.0 0.0 0.0 0.0 0.0 0.0 0.0 0.0 0.0
0.0 0.0 0.0 0.0 0.0 0.0 0.0 0.0 0.0 0.0 0.0 0.0 0.0 0.0 0.0 0.0 0.0 0.0 0.0 0.0 0.0 0.0 0.0 0.0 0.0 0.0 0.0
0.0 0.0 0.0 0.0 0.0 0.0 0.0 0.0 0.0 0.0 0.0 0.0 0.0 0.0 0.0 0.0 0.0 0.0 0.0 0.0 0.0 0.0 0.0 0.0 0.0 0.0 0.0
0.0 0.0 0.0 0.0 0.0 0.0 0.0 0.0 0.0 0.0 0.0 0.0 0.0 0.0 0.0 0.0 0.0 0.0 0.0 0.0 0.0 0.0 0.0 0.0 0.0 0.0 0.0
0.0 0.0 0.0 0.0 0.0 0.0 0.0 0.0 0.0 0.0 0.0 0.0 0.0 0.0 0.0 0.0 0.0 0.0 0.0 0.0 0.0 0.0 0.0 0.0 0.0 0.0 0.0
0.0 0.0 0.0 0.0 0.0 0.0 0.0 0.0 0.0 0.0 0.0 0.0 0.0 0.0 0.0 0.0 0.0 0.0 0.0 0.0 0.0 0.0 0.0 0.0 0.0 0.0 0.0
0.0 0.0 0.0 0.0 0.0 0.0 0.0 0.0 0.0 0.0 0.0 0.0 0.0 0.0 0.0 0.0 0.0 0.0 0.0 0.0 0.0 0.0 0.0 0.0 0.0 0.0 0.0
0.0 0.0 0.0 0.0 0.0 0.0 0.0 0.0 0.0 0.0 0.0 0.0 0.0 0.0 0.0 0.0 0.0 0.0 0.0 0.0 0.0 0.0 0.0 0.0 0.0 0.0 0.0
0.0 0.0 0.0 0.0 0.0 0.0 0.0 0.0 0.0 0.0 0.0 0.0 0.0 0.0 0.0 0.0 0.0 0.0 0.0 0.0 0.0 0.0 0.0 0.0 0.0 0.0 0.0
0.0 0.0 0.0 0.0 0.0 0.0 0.0 0.0 0.0 0.0 0.0 0.0 0.0 0.0 0.0 0.0 0.0 0.0 0.0 0.0 0.0 0.0 0.0 0.0 0.0 0.0 0.0
0.0 0.0 0.0 0.0 0.0 0.0 0.0 0.0 0.0 0.0 0.0 0.0 0.0 0.0 0.0 0.0 0.0 0.0 0.0 0.0 0.0 0.0 0.0 0.0 0.0 0.0 0.0
0.0 0.0 0.0 0.0 0.0 0.0 0.0 0.0 0.0 0.0 0.0 0.0 0.0 0.0 0.0 0.0 0.0 0.0 0.0 0.0 0.0 0.0 0.0 0.0 0.0 0.0 0.0
0.0 0.0 0.0 0.0 0.0 0.0 0.0 0.0 0.0 0.0 0.0 0.0 0.0 0.0 0.0 0.0 0.0 0.0 0.0 0.0 0.0 0.0 0.0 0.0 0.0 0.0 0.0
0.0 0.0 0.0 0.0 0.0 0.0 0.0 0.0 0.0 0.0 0.0 0.0 0.0 0.0 0.0 0.0 0.0 0.0 0.0 0.0 0.0 0.0 0.0 0.0 0.0 0.0 0.0
0.0 0.0 0.0 0.0 0.0 0.0 0.0 0.0 0.0 0.0 0.0 0.0 0.0 0.0 0.0 0.0 0.0 0.0 0.0 0.0 0.0 0.0 0.0 0.0 0.0 0.0 0.0
0.0 0.0 0.0 0.0 0.0 0.0 0.0 0.0 0.0 0.0 0.0 0.0 0.0 0.0 0.0 0.0 0.0 0.0 0.0 0.0 0.0 0.0 0.0 0.0 0.0 0.0 0.0
0.0 0.0 0.0 0.0 0.0 0.0 0.0 0.0 0.0 0.0 0.0 0.0 0.0 0.0 0.0 0.0 0.0 0.0 0.0 0.0 0.0 0.0 0.0 0.0 0.0 0.0 0.0
0.0 0.0 0.0 0.0 0.0 0.0 0.0 0.0 0.0 0.0 0.0 0.0 0.0 0.0 0.0 0.0 0.0 0.0 0.0 0.0 0.0 0.0 0.0 0.0 0.0 0.0 0.0
0.0 0.0 0.0 0.0 0.0 0.0 0.0 0.0 0.0 0.0 0.0 0.0 0.0 0.0 0.0 0.0 0.0 0.0 0.0 0.0 0.0 0.0 0.0 0.0 0.0 0.0 0.0
0.0 0.0 0.0 0.0 0.0 0.0 0.0 0.0 0.0 0.0 0.0 0.0 0.0 0.0 0.0 0.0 0.0 0.0 0.0 0.0 0.0 0.0 0.0 0.0 0.0 0.0 0.0
0.0 0.0 0.0 0.0 0.0 0.0 0.0 0.0 0.0 0.0 0.0 0.0 0.0 0.0 0.0 0.0 0.0 0.0 0.0 0.0 0.0 0.0 0.0 0.0 0.0 0.0 0.0
0.0 0.0 0.0 0.0 0.0 0.0 0.0 0.0 0.0 0.0 0.0 0.0 0.0 0.0 0.0 0.0 0.0 0.0 0.0 0.0 0.0 0.0 0.0 0.0 0.0 0.0 0.0
0.0 0.0 0.0 0.0 0.0 0.0 0.0 0.0 0.0 0.0 0.0 0.0 0.0 0.0 0.0 0.0 0.0 0.0 0.0 0.0 0.0 0.0 0.0 0.0 0.0 0.0 0.0
0.0 0.0 0.0 0.0 0.0 0.0 0.0 0.0 0.0 0.0 0.0 0.0 0.0 0.0 0.0 0.0 0.0 0.0 0.0 0.0 0.0 0.0 0.0 0.0 0.0 0.0 0.0
#