#UF3 POT
3B 0 3 nk
10.0 5.0 5.0 31 20 20
0.5 0.5 0.5 0.5 0.87333333333333329 1.2466666666666666 1.6200000000000003 1.8925575637437295 2.0754767806552898 2.2283024314125708 2.3700000000000001 2.5116975685874294 2.6645232193447104 2.8474424362562707 3.1200000000000001 3.6492307692307699 4.1784615384615389 4.7076923076923087 5.2369230769230777 5.7661538461538466 6.2953846153846156 6.8246153846153845 7.3538461538461544 7.8830769230769233 8.4123076923076923 8.9415384615384621 9.4707692307692302 10 10 10 10
0.5 0.5 0.5 0.5 0.91500000000000004 1.3300000000000001 1.7450000000000001 2.0273902951275051 2.2110502460552803 2.3700000000000001 2.5289497539447199 2.7126097048724955 2.9950000000000001 3.4962499999999999 3.9975000000000001 4.4987500000000002 5 5 5 5
0.5 0.5 0.5 0.5 0.91500000000000004 1.3300000000000001 1.7450000000000001 2.0273902951275051 2.2110502460552803 2.3700000000000001 2.5289497539447199 2.7126097048724955 2.9950000000000001 3.4962499999999999 3.9975000000000001 4.4987500000000002 5 5 5 5
16 16 27
-1.5411066754013367 -1.3449638247893958 1.5177622219796547 0.8317211465504156 1.2300146108770327 0.637829400380209 -2.637044559414373 0.0 0.0 0.0 0.0 0.0 0.0 0.0 0.0 0.0 0.0 0.0 0.0 0.0 0.0 0.0 0.0 0.0 0.0 0.0 0.0
-0.61298792548326 -1.00272209537951 -1.9205570290665253 0.16176951126367398 -0.45564028025798226 -0.3302441681653146 0.161974866634938 -1.793505643800553 -1.4955158306786767 -0.29681004415744355 0.0 0.0 0.0 0.0 0.0 0.0 0.0 0.0 0.0 0.0 0.0 0.0 0.0 0.0 0.0 0.0 0.0
-0.728087666152969 -0.36093930466423774 -1.8924518537037942 -1.2525688517698272 -0.5339561226125007 -0.7987614570723707 2.41464853932252 -0.482550396638575 0.8378077761833045 0.9932790800341639 -0.8676620208297251 -0.5606649599116664 0.0 0.0 0.0 0.0 0.0 0.0 0.0 0.0 0.0 0.0 0.0 0.0 0.0 0.0 0.0
1.1900756528096623 -2.7075169686306158 -1.5297153045676501 -0.6735907322899827 -1.5810394492779576 1.4906869314047364 -0.6438430870993139 -2.5850519228438085 -1.4232348562190613 -1.1444672190229694 -0.5827439182745375 1.526956083423341 0.6206298301475104 -0.10403715988167152 0.0 0.0 0.0 0.0 0.0 0.0 0.0 0.0 0.0 0.0 0.0 0.0 0.0
0.43238526789432014 0.046254969975394744 1.5821517392833708 -0.42184127477173095 0.5878474828013823 0.7974284117333865 -2.072748534683115 0.2522484531693332 -3.2447691175963804 -0.24444073921408419 1.1151353540780928 -0.0718990995709235 0.2803182908259224 1.674595993477678 -1.5965711225215 0.0 0.0 0.0 0.0 0.0 0.0 0.0 0.0 0.0 0.0 0.0 0.0
0.7550825054644164 0.7698294053844096 0.26685012335647146 2.0988565327982784 0.6546149228397216 0.5232250826148392 0.5530029171935122 0.39764984887151467 0.11025041072872425 0.3180249741027737 0.4810710733821977 -1.0114128081670182 -1.6449035626123687 -1.396179029459169 1.0485914611847362 0.0 0.0 0.0 0.0 0.0 0.0 0.0 0.0 0.0 0.0 0.0 0.0
-0.8445208187640447 0.7100093073229388 2.3161182884821616 -0.22259865207179194 2.5162894423139517 -0.6777930707637928 0.12282929071828956 0.47210170485347175 0.7397814235149569 -0.19036049223296153 0.8980256767819073 0.15532000975366608 1.905590582346111 0.7658735627013142 -0.9074791920219781 0.0 0.0 0.0 0.0 0.0 0.0 0.0 0.0 0.0 0.0 0.0 0.0
0.0 -0.8523842726330755 -0.5571599206637997 -0.6792543987693772 -0.615952067193637 0.1485917114995453 0.01579673868111039 -0.8808855927025957 0.5451969968025335 0.5320651050949171 1.0006452305646216 1.4116672706811861 1.5250219277525356 -1.0432344483656464 -0.07957984539167799 0.0 0.0 0.0 0.0 0.0 0.0 0.0 0.0 0.0 0.0 0.0 0.0
0.0 0.0 0.38183104370396986 -2.426655453207422 0.4118133753787851 -0.08958480430151554 -0.4878129387840144 0.3157903709175139 1.0469979969745846 -1.4475835847219312 -1.4433379799265937 -1.5648134638347642 -1.0515703254117619 -0.15343916085576897 1.102620715943001 0.5556410181956261 0.0 0.0 0.0 0.0 0.0 0.0 0.0 0.0 0.0 0.0 0.0
0.0 0.0 1.8747893731873426 0.03602918711776631 -0.05962953730164793 1.7389969608393783 2.214091517294832 0.4908060047655141 0.39753586637050686 -0.3533811431860822 -0.3963153614824417 -0.24768356235981867 0.18886133265918384 0.6478890873947387 1.4908415108130837 0.5776100441545277 -1.4693253932462869 0.0 0.0 0.0 0.0 0.0 0.0 0.0 0.0 0.0 0.0
0.0 0.0 0.5450579966001834 0.4057110964132502 -0.2495550188285141 1.219177179359737 0.823093647313062 0.14800023763867365 2.1965834833370503 2.887438589451205 0.7969983597116002 0.5424931239912494 1.8102458578430118 -0.6039728948868258 1.2215723136661882 0.33599540948536033 -0.7246684802625438 -0.4080064400688565 0.0 0.0 0.0 0.0 0.0 0.0 0.0 0.0 0.0
0.0 0.0 0.0 -0.6210608602309663 -1.1689206544315618 -0.21495103215543915 0.36842867287147424 0.15022031414080567 -0.07619159964582937 -0.8618718639213748 -0.46812759965828943 0.08755514406697887 0.07514836192162178 -0.102682420278653 1.2055856472225346 0.7434012025564042 0.003435656090948017 1.3145510162159224 -1.1962372220837396 0.0 0.0 0.0 0.0 0.0 0.0 0.0 0.0
0.0 0.0 0.0 0.0 0.0 -0.4786429693255537 1.0041528319364765 0.7846385328474541 -0.7221651839022599 -0.9441922680781304 0.1760913940420984 -2.413163128615386 -0.1822244271604953 0.43801624893568364 -0.5449778002108844 -0.19166533859391022 -0.6901037847983432 -1.0018000988563232 0.061077578681825194 0.7153660158881184 0.0 0.0 0.0 0.0 0.0 0.0 0.0
0.0 0.0 0.0 0.0 0.0 0.0 0.0 0.0 0.0 0.0 0.0 0.0 0.0 0.0 0.0 0.0 0.0 0.0 0.0 0.0 0.0 0.0 0.0 0.0 0.0 0.0 0.0
0.0 0.0 0.0 0.0 0.0 0.0 0.0 0.0 0.0 0.0 0.0 0.0 0.0 0.0 0.0 0.0 0.0 0.0 0.0 0.0 0.0 0.0 0.0 0.0 0.0 0.0 0.0
0.0 0.0 0.0 0.0 0.0 0.0 0.0 0.0 0.0 0.0 0.0 0.0 0.0 0.0 0.0 0.0 0.0 0.0 0.0 0.0 0.0 0.0 0.0 0.0 0.0 0.0 0.0
-0.61298792548326 -1.00272209537951 -1.9205570290665253 0.16176951126367398 -0.45564028025798226 -0.3302441681653146 0.161974866634938 -1.793505643800553 -1.4955158306786767 -0.29681004415744355 0.0 0.0 0.0 0.0 0.0 0.0 0.0 0.0 0.0 0.0 0.0 0.0 0.0 0.0 0.0 0.0 0.0
0.6251594433250792 0.555340464442131 0.2880281985418482 -0.18340497139413603 -1.0584468392576394 -0.16200401334324802 -0.8551436997795543 -1.6003821525442166 -1.7126345373516123 -1.4904456698525577 -0.9557712246255708 -0.34457373309209355 0.0 0.0 0.0 0.0 0.0 0.0 0.0 0.0 0.0 0.0 0.0 0.0 0.0 0.0 0.0
-0.31993337820085543 -1.4275008406376715 -2.277903421474488 -1.4546263970729634 -0.6856081050157661 0.5497692865003418 -0.2494996204273155 -0.07247737013002771 -0.6946917827980148 -1.1022816675646676 -0.0857150640474451 -0.026228612529769903 -0.1564273011796674 -0.1914014361154635 0.0 0.0 0.0 0.0 0.0 0.0 0.0 0.0 0.0 0.0 0.0 0.0 0.0
-0.7082529378475179 -0.7513202344857723 -0.9551597043977896 -0.42088646680500513 -0.34471212008570284 -0.551618335425924 0.7222408477996085 0.5288186530938879 -0.255565186904214 0.7403955142028634 1.588806226052669 0.09386599994682095 0.5210838988368907 2.2425878855316292 0.7094114810502837 0.0 0.0 0.0 0.0 0.0 0.0 0.0 0.0 0.0 0.0 0.0 0.0
-1.271488704997771 -0.8698250628676518 -0.5841439449247344 0.3634376671792653 2.0475545691258477 1.5367010327312085 0.3726157392508108 -0.5461203249202505 -0.8869172462042639 -0.7990434260133188 0.19862278207806555 0.5884282331162206 -0.06702770273127169 0.1426336647106113 -0.5672450561231311 0.0 0.0 0.0 0.0 0.0 0.0 0.0 0.0 0.0 0.0 0.0 0.0
-1.1425720403802977 -1.1470297349268939 -0.3353150699968444 0.40237269446669544 0.8871989710498295 0.39843263795110173 -0.46351400336252246 0.6452871242957662 -0.38583940053021176 -0.21424232617790565 0.9984723071577581 2.051322606911304 0.9572394796243676 0.16778206837118786 -0.7516356818998567 -1.6001860279422273 0.0 0.0 0.0 0.0 0.0 0.0 0.0 0.0 0.0 0.0 0.0
0.18127924890016398 -0.17396267985107192 -0.5128917342529473 -0.5164903655555356 0.11232252032238244 -0.4102794910942922 -0.4266226990959791 0.02061979258274674 0.12714024836597415 0.675797807029458 0.545930281081794 0.9892618262587899 1.2120790757561872 2.4252531538220072 0.5322802494704171 -0.2593000908864161 0.0 0.0 0.0 0.0 0.0 0.0 0.0 0.0 0.0 0.0 0.0
0.14743766690019555 -2.8369100135164134 -0.3655474833504806 -0.09359885928886982 -0.6798309717821676 -1.0219704301534838 0.532815290708593 -0.07285476486626451 -1.6817413049275813 -1.118125840805627 -0.5511905533201853 2.015731511748514 2.332809541548744 1.6483079450253764 0.9671226244865281 0.9584164061071194 0.0 0.0 0.0 0.0 0.0 0.0 0.0 0.0 0.0 0.0 0.0
0.0 -0.49907901361909035 -1.805193450747067 -1.3719909275824271 -0.5204364903328424 -0.5184001280078488 -0.8417447183726126 0.8526224866939592 -0.6381343718866922 -0.3979816290934352 -2.6260520725076937 -0.2782465124180852 3.105185728437457 2.8197296119501867 3.7821576906194663 1.252506313454227 -0.7540743803557659 0.0 0.0 0.0 0.0 0.0 0.0 0.0 0.0 0.0 0.0
0.0 -0.7848533581547327 0.06569212943906345 0.07968008542705934 -0.14913830460762545 1.00055188367011 0.8315953132538301 0.2893607541113019 -0.42687056650683947 -1.0895469985212372 -1.2852750337891674 -0.17551575204728678 0.6578088982436727 1.4498259527728148 1.0893282147962082 1.1946190946448605 -0.05450636589478576 -1.417555577103425 0.0 0.0 0.0 0.0 0.0 0.0 0.0 0.0 0.0
0.0 -1.0341322556445112 -2.4935775960108915 -0.6991808974650467 -2.594169959906744 -1.6839221108620712 -0.5300721291733718 0.6891307322587265 0.5593089250884593 -0.6866892466861659 2.88905026572664 3.47483588761352 2.607453421218426 0.45702968360115964 -0.8882885974980507 -0.28353693909440075 -0.20986881130411522 -1.047662639640888 -0.7608912909091488 0.0 0.0 0.0 0.0 0.0 0.0 0.0 0.0
0.0 0.0 -0.8409081434859635 -1.3299496299287747 -1.4786038251767826 -0.744682937999759 0.9580980281732525 0.21965119778880757 1.4603615330630704 1.9434418043202155 1.702388022408523 1.7105773933205706 1.983947631728279 5.055805188042657 3.481466197378175 0.9763498795995533 -1.1557874558471 -0.8266085431212574 -1.2677608730045646 0.20012895761139177 0.0 0.0 0.0 0.0 0.0 0.0 0.0
0.0 0.0 0.0 -3.6774004348979026 -3.3394790390861213 -1.743345952733522 -0.24680086365196713 0.39688842932655477 0.5770435952026531 1.0596176443649554 0.8177181701788651 1.4635420188429142 1.4599839555865115 2.518414305451571 1.6765861082304792 1.5589844349086823 1.6373824755869004 -1.6066481826092185 -1.5044306399952236 -0.9835083263957455 -0.42324590098602505 0.0 0.0 0.0 0.0 0.0 0.0
0.0 0.0 0.0 0.0 0.0 0.0 0.0 0.0 0.0 0.0 0.0 0.0 0.0 0.0 0.0 0.0 0.0 0.0 0.0 0.0 0.0 0.0 0.0 0.0 0.0 0.0 0.0
0.0 0.0 0.0 0.0 0.0 0.0 0.0 0.0 0.0 0.0 0.0 0.0 0.0 0.0 0.0 0.0 0.0 0.0 0.0 0.0 0.0 0.0 0.0 0.0 0.0 0.0 0.0
0.0 0.0 0.0 0.0 0.0 0.0 0.0 0.0 0.0 0.0 0.0 0.0 0.0 0.0 0.0 0.0 0.0 0.0 0.0 0.0 0.0 0.0 0.0 0.0 0.0 0.0 0.0
-0.728087666152969 -0.36093930466423774 -1.8924518537037942 -1.2525688517698272 -0.5339561226125007 -0.7987614570723707 2.41464853932252 -0.482550396638575 0.8378077761833045 0.9932790800341639 -0.8676620208297251 -0.5606649599116664 0.0 0.0 0.0 0.0 0.0 0.0 0.0 0.0 0.0 0.0 0.0 0.0 0.0 0.0 0.0
-0.31993337820085543 -1.4275008406376715 -2.277903421474488 -1.4546263970729634 -0.6856081050157661 0.5497692865003418 -0.2494996204273155 -0.07247737013002771 -0.6946917827980148 -1.1022816675646676 -0.0857150640474451 -0.026228612529769903 -0.1564273011796674 -0.1914014361154635 0.0 0.0 0.0 0.0 0.0 0.0 0.0 0.0 0.0 0.0 0.0 0.0 0.0
-1.0144155847120206 -1.3354542853037608 -0.9992545523283365 -1.098550248728846 -0.600881869552694 0.034240880980681995 1.0341485691016716 -0.18361323010117328 -1.6834027183760776 -1.1740661857259047 -0.6189169164200815 0.06948065549508507 -0.023601123782948413 -0.5970608019729715 -2.197966574008073 0.0 0.0 0.0 0.0 0.0 0.0 0.0 0.0 0.0 0.0 0.0 0.0
-1.0996914208261626 -0.2754884334777175 -1.0594104704202103 -0.9342675541055072 0.07023602559241444 0.7375582766988255 0.6868151570003705 1.1772697503708562 0.8785034667490422 1.6284729475690556 0.04249955944179573 0.17852246026739407 -0.19551353329337962 0.4594007223670679 -1.0662009864661437 -1.4266256013165142 0.0 0.0 0.0 0.0 0.0 0.0 0.0 0.0 0.0 0.0 0.0
-1.236812645867378 -0.7451837822148637 0.7217765151733193 1.6849775967730996 0.8167159149164164 1.9039540102341554 3.268004461202917 3.147465262213782 2.554805454466923 3.0568955733175445 1.39384622526274 0.7192345931296886 -0.46954110448458336 -2.1382586630738833 -2.5708461851365114 -1.52247475043198 0.0 0.0 0.0 0.0 0.0 0.0 0.0 0.0 0.0 0.0 0.0
0.7255564222781289 -0.3896041716447905 -0.8175471384312084 0.922918739243607 2.324608824689313 -0.6502537021334153 1.9131182242735747 1.1584182358363573 0.6412702527992014 0.8689098610572797 2.407477895527351 2.3913816370566137 0.9761586673513357 -0.61501867994582 -0.6979241037277819 0.29525736119709367 0.0 0.0 0.0 0.0 0.0 0.0 0.0 0.0 0.0 0.0 0.0
-0.6695553813488939 -0.5399531733145124 1.4361844812846145 0.7968032238805285 1.7339271398140612 3.3913097787009363 -0.7963872890848573 0.7367567701438098 1.3759955195476985 1.2296240757433712 3.4452359091312736 1.2914243410856958 0.7437902548191858 0.9573055396189634 -0.49823377096219473 0.4259513738349648 0.8753052308922645 0.0 0.0 0.0 0.0 0.0 0.0 0.0 0.0 0.0 0.0
-0.06206524643464632 0.6823050995391785 0.45932439420808635 1.1704603334021377 0.5704992175983415 -0.8623824231005329 2.534723464291869 -0.26395474230326116 0.38072378588000433 0.5339254835887488 -0.14575132661220852 -0.010494847287915096 0.6660851902896409 -2.9270019310261293 -1.762617350621222 0.5993703827051717 -0.38973729270877144 0.0 0.0 0.0 0.0 0.0 0.0 0.0 0.0 0.0 0.0
1.66604882830909 0.9871601667542832 0.8434901513999682 1.5318126059277948 0.544549974900351 -0.6011946806546562 0.8427784190280836 0.738071981893744 0.9899243316559866 1.6152250159989405 0.447252405977769 1.0306627013185812 0.07668318275838032 1.216026785799627 0.31715670656777584 -2.280644456003703 0.34171818175100316 -1.7383051794252058 0.0 0.0 0.0 0.0 0.0 0.0 0.0 0.0 0.0
0.11278277884869677 0.6977621930391252 -0.07099795113245573 0.2967762303639361 1.5150551439105742 -1.0775152750010903 0.3640743119207979 0.2941753472855612 0.07627766224161496 0.7553107317988424 -0.05746531784962587 1.6583919619594594 1.2795266933495182 0.36943041489620326 -0.5847173733621029 -1.0889059071026077 -0.3091399153780009 -0.2877316262246125 -0.27097287556823463 0.0 0.0 0.0 0.0 0.0 0.0 0.0 0.0
-1.314832508121892 -0.5695372870692554 -1.9397378472090219 -0.6053704676784462 0.782447790070935 -0.27219232957756584 3.1119302151840667 0.8371780022404658 0.5091877453677298 -0.15894183882839838 -0.5860760159797556 -0.8263612014398978 0.8410917067008209 1.1876627284076828 1.6532279129502603 0.032760255591647865 -1.6281417975415424 -1.9045443356811511 -1.5491660163773548 0.0 0.0 0.0 0.0 0.0 0.0 0.0 0.0
0.0 -0.7703651099283804 -1.1409497091262746 -1.2025062635675705 -1.4070925998671349 -2.1513488667137612 -0.5256512353021137 0.5150827719981623 1.4905936450654196 0.752306878296438 -0.8120588237612247 -2.736521964452017 -1.2235601811188466 -0.3405058408457308 -1.7975287510514046 0.8028366713376338 0.48253592821917435 -1.1861036366357183 -1.2821981951637644 -0.20648939884252107 0.0 0.0 0.0 0.0 0.0 0.0 0.0
0.0 0.0 -1.776518850960996 -2.2740479355855214 -2.557541073179804 -2.330179611348525 -1.736621464382053 -0.9331647969525783 -1.2783463691812973 0.3355769707222309 -0.8815895543239326 -0.9504341527890594 0.08649935379897317 1.089910557647616 0.2668637244865103 0.037664569004326395 -0.5268978015157296 -0.4467694236458196 -1.1811697726080748 -1.3458426028439108 0.13471383328837844 0.0 0.0 0.0 0.0 0.0 0.0
0.0 0.0 0.0 0.0 0.0 0.0 0.0 0.0 0.0 0.0 0.0 0.0 0.0 0.0 0.0 0.0 0.0 0.0 0.0 0.0 0.0 0.0 0.0 0.0 0.0 0.0 0.0
0.0 0.0 0.0 0.0 0.0 0.0 0.0 0.0 0.0 0.0 0.0 0.0 0.0 0.0 0.0 0.0 0.0 0.0 0.0 0.0 0.0 0.0 0.0 0.0 0.0 0.0 0.0
0.0 0.0 0.0 0.0 0.0 0.0 0.0 0.0 0.0 0.0 0.0 0.0 0.0 0.0 0.0 0.0 0.0 0.0 0.0 0.0 0.0 0.0 0.0 0.0 0.0 0.0 0.0
1.1900756528096623 -2.7075169686306158 -1.5297153045676501 -0.6735907322899827 -1.5810394492779576 1.4906869314047364 -0.6438430870993139 -2.5850519228438085 -1.4232348562190613 -1.1444672190229694 -0.5827439182745375 1.526956083423341 0.6206298301475104 -0.10403715988167152 0.0 0.0 0.0 0.0 0.0 0.0 0.0 0.0 0.0 0.0 0.0 0.0 0.0
-0.7082529378475179 -0.7513202344857723 -0.9551597043977896 -0.42088646680500513 -0.34471212008570284 -0.551618335425924 0.7222408477996085 0.5288186530938879 -0.255565186904214 0.7403955142028634 1.588806226052669 0.09386599994682095 0.5210838988368907 2.2425878855316292 0.7094114810502837 0.0 0.0 0.0 0.0 0.0 0.0 0.0 0.0 0.0 0.0 0.0 0.0
-1.0996914208261626 -0.2754884334777175 -1.0594104704202103 -0.9342675541055072 0.07023602559241444 0.7375582766988255 0.6868151570003705 1.1772697503708562 0.8785034667490422 1.6284729475690556 0.04249955944179573 0.17852246026739407 -0.19551353329337962 0.4594007223670679 -1.0662009864661437 -1.4266256013165142 0.0 0.0 0.0 0.0 0.0 0.0 0.0 0.0 0.0 0.0 0.0
0.942294048209474 -0.12057544662689826 -1.388464056103977 0.08662253890144223 -0.41165981887583414 -1.6907604705806567 -0.69913288181129 0.06666695776811309 -0.37597320770513687 -0.023933267287790938 0.22090456958823823 -0.9029284411516778 -0.6538722384132785 0.21146344275138018 -1.5652084523892436 0.27242551830873585 0.0 0.0 0.0 0.0 0.0 0.0 0.0 0.0 0.0 0.0 0.0
0.1289824086936695 -0.5140250823112082 -0.5845478487530646 -0.08710116325951067 0.05095482089294423 0.09887340297477831 0.10411623320690253 -0.3772614277032443 -0.34647172730898035 -0.7143142536115092 0.330164041404012 0.8947027873334195 0.22250883829574658 0.4700055261881168 1.7719324558899139 0.856734598026098 -0.7567530652424909 0.0 0.0 0.0 0.0 0.0 0.0 0.0 0.0 0.0 0.0
0.15935948632613225 -1.1465842888378175 -0.2940212720261018 0.3202987593222251 0.20286886462992115 0.22944286373821465 0.36470352101909725 0.7494335743607693 -1.7842049318207827 0.2475404420143862 1.5114891003809785 0.9558260183758834 1.2279286382979073 0.6407000450481681 0.017045099438640025 0.31230833799568825 0.55935407164929 0.0 0.0 0.0 0.0 0.0 0.0 0.0 0.0 0.0 0.0
0.5719851258237203 1.2782778482656207 1.8570723275606031 1.4795640454577899 -0.14331321813677 0.4193642986028407 0.4725758798217669 0.7060133464055073 0.18550486861598509 -0.7265639149885614 -0.7234814792443334 0.1650764371162278 -0.0013184609617014804 -0.3264747291115941 0.3634557937729613 2.200105473275653 2.328906098564282 0.0 0.0 0.0 0.0 0.0 0.0 0.0 0.0 0.0 0.0
1.3999662263193433 -0.4504002738101447 -0.17560805892598969 0.5627968491650074 1.4080357196687454 2.330167482600164 1.547094609481359 0.4010002035113067 -0.28226139009935153 -0.8592886693023614 -0.5474821309121184 0.11827526469900405 1.549722888383667 0.9436211755125835 -0.8748610441404903 -0.46011268756357665 0.20592055151180982 0.3755146300864619 0.0 0.0 0.0 0.0 0.0 0.0 0.0 0.0 0.0
1.3647998049554722 1.8415890599178193 0.6681851687048181 -0.11012074469798568 0.6615738233111004 0.04354462057760095 0.44399585947252745 1.9460221974093985 1.5353034839529327 0.23053152007398311 -0.02274959103390345 -0.4795034331356352 0.03828110054180362 0.7962173813948812 0.5109846338473888 0.309493050005228 0.7352808355996404 0.6820020005269347 0.0 0.0 0.0 0.0 0.0 0.0 0.0 0.0 0.0
-0.36845056641792223 -0.16601125140484513 0.2403769731330396 0.4084205484968593 -0.3132192431891684 -1.4098188460368084 -1.1832928315892635 0.018968557677401465 -0.3930134687737025 -1.0215551361404775 -0.033511297236762216 -0.27617564486575713 -1.420216702284703 -2.1829274261339817 -0.9821512466419611 0.3243775613515167 1.9128146780977553 1.264919497976729 -1.1656162117097442 0.0 0.0 0.0 0.0 0.0 0.0 0.0 0.0
-1.8351586146152503 -3.00329431966933 -1.982138996751866 -0.36421592211656767 1.0929572611117413 1.005595508752218 1.0137069988573078 0.9537289332982515 0.2100090407923754 0.15154814366627783 0.2988323657232502 0.3720195069102734 0.23241008469178312 0.9635543609449221 0.38498930839302364 -0.1417979652462353 -0.0802923555977183 -3.9964180992895715 -1.6222274276288107 -0.18593799255605653 0.0 0.0 0.0 0.0 0.0 0.0 0.0
-0.804429294588219 -2.097432119239232 -1.4958764879165094 -0.599673732606473 -0.5070806993379562 0.14029059716654851 -0.1631793884246087 0.37603660409053863 -0.6796879995026501 -0.37542973154755044 0.38106584103682417 0.9498643318022443 0.2721618323618708 -0.5446389115444701 -0.014929513647871016 0.08011390393339446 -0.13796191729905338 -0.566984054472796 0.9093669042749684 -0.2752559720757431 0.06643981842595738 0.0 0.0 0.0 0.0 0.0 0.0
0.0 -0.7576148187297498 0.7421758854232496 1.3649747427846648 -0.5535956250930524 0.2329067219955667 -0.2493209143803872 0.08315761889987311 -0.4458751156068146 -0.9425525308547676 -0.27247400789600884 0.34883976992726495 0.85423930756763 0.6231569450278476 0.4688902700456894 -0.07429508310389354 0.22037553415057504 -0.039647401431607165 -0.0037960791238258003 -0.1493707178153129 0.519771231451457 0.22979430045414892 0.0 0.0 0.0 0.0 0.0
0.0 0.0 0.0 0.0 0.0 0.0 0.0 0.0 0.0 0.0 0.0 0.0 0.0 0.0 0.0 0.0 0.0 0.0 0.0 0.0 0.0 0.0 0.0 0.0 0.0 0.0 0.0
0.0 0.0 0.0 0.0 0.0 0.0 0.0 0.0 0.0 0.0 0.0 0.0 0.0 0.0 0.0 0.0 0.0 0.0 0.0 0.0 0.0 0.0 0.0 0.0 0.0 0.0 0.0
0.0 0.0 0.0 0.0 0.0 0.0 0.0 0.0 0.0 0.0 0.0 0.0 0.0 0.0 0.0 0.0 0.0 0.0 0.0 0.0 0.0 0.0 0.0 0.0 0.0 0.0 0.0
0.43238526789432014 0.046254969975394744 1.5821517392833708 -0.42184127477173095 0.5878474828013823 0.7974284117333865 -2.072748534683115 0.2522484531693332 -3.2447691175963804 -0.24444073921408419 1.1151353540780928 -0.0718990995709235 0.2803182908259224 1.674595993477678 -1.5965711225215 0.0 0.0 0.0 0.0 0.0 0.0 0.0 0.0 0.0 0.0 0.0 0.0
-1.271488704997771 -0.8698250628676518 -0.5841439449247344 0.3634376671792653 2.0475545691258477 1.5367010327312085 0.3726157392508108 -0.5461203249202505 -0.8869172462042639 -0.7990434260133188 0.19862278207806555 0.5884282331162206 -0.06702770273127169 0.1426336647106113 -0.5672450561231311 0.0 0.0 0.0 0.0 0.0 0.0 0.0 0.0 0.0 0.0 0.0 0.0
-1.236812645867378 -0.7451837822148637 0.7217765151733193 1.6849775967730996 0.8167159149164164 1.9039540102341554 3.268004461202917 3.147465262213782 2.554805454466923 3.0568955733175445 1.39384622526274 0.7192345931296886 -0.46954110448458336 -2.1382586630738833 -2.5708461851365114 -1.52247475043198 0.0 0.0 0.0 0.0 0.0 0.0 0.0 0.0 0.0 0.0 0.0
0.1289824086936695 -0.5140250823112082 -0.5845478487530646 -0.08710116325951067 0.05095482089294423 0.09887340297477831 0.10411623320690253 -0.3772614277032443 -0.34647172730898035 -0.7143142536115092 0.330164041404012 0.8947027873334195 0.22250883829574658 0.4700055261881168 1.7719324558899139 0.856734598026098 -0.7567530652424909 0.0 0.0 0.0 0.0 0.0 0.0 0.0 0.0 0.0 0.0
-0.1644726663380902 -0.44393120638932376 -0.3836801975563332 0.2990004870433327 -0.8583265855298858 0.003067561961453489 -1.0242916013532877 0.396052551292928 -0.4194941210786147 -1.507004313237658 -2.2566603316295426 -0.9444818148763663 3.2991761614052617 2.791553362515258 0.6220351088444774 -0.22815457384861992 -0.43651746917606726 0.0 0.0 0.0 0.0 0.0 0.0 0.0 0.0 0.0 0.0
-0.42306235837284945 -1.1892974248237866 -1.661468202115097 -0.5834482117449059 0.8689891645770665 0.588521678535025 0.38640783259624367 -0.24689797995019727 0.10464845331121217 -1.3982294538416298 -1.7912447147307697 -0.5896872487909967 0.5140336819317666 0.502464478421776 0.543183247092858 1.6882918903055422 1.2307771801492517 0.0 0.0 0.0 0.0 0.0 0.0 0.0 0.0 0.0 0.0
1.322010480875971 -0.009820564239942129 -0.837623178732199 -1.4507854817632966 1.0448867592239992 -0.09890435268168353 -0.1799853087760169 -0.15130716608878003 1.5481364021624633 2.2061478741885825 1.654477512354814 0.32715397137076124 -0.8975347060642757 0.04488074223129849 0.29094395194315403 0.7675273076937804 -0.34989421961058403 -0.8782155037086389 0.0 0.0 0.0 0.0 0.0 0.0 0.0 0.0 0.0
-0.41629015263601793 -2.123456433241367 -2.4133349027644537 -1.106008076263969 0.29265690993694066 -0.06089654864116575 -0.986421002658097 -1.4599051632780278 -0.7396462640130622 0.9918052023224952 1.4891520307024624 1.0248560947616323 -0.14977068849894987 0.40659323973396494 0.8631551090105773 0.2829867434374404 -0.9231318407137988 -1.4501091482390227 0.0 0.0 0.0 0.0 0.0 0.0 0.0 0.0 0.0
-1.648673570458153 -1.8304008798983453 -0.3897481538105772 1.128134225464852 0.8414355904936373 1.086662808049016 0.05409996374219276 -1.1970935814195713 -1.2335305703923678 0.5719033128984754 0.8231686150808056 0.8235862225417449 0.6460260771641229 -0.022304282340802842 -0.15806856930618085 0.5774399354772742 -0.7787955412185891 -0.7504520608698466 0.0 0.0 0.0 0.0 0.0 0.0 0.0 0.0 0.0
-0.6478367174877737 -0.7869506174637407 -0.16470545733215677 0.7195962771229568 0.9826251261506472 1.1036768458740385 -0.4521617771760182 -2.244497938653261 -2.988956474351336 -1.7255631892058556 -0.43963929462371004 0.9574833677725727 2.037911235184376 1.8631402251490536 0.9878419290661026 -0.22705823917729742 0.6816195065190882 -1.1961919159458927 -1.6135353410858797 0.0 0.0 0.0 0.0 0.0 0.0 0.0 0.0
-1.0617698142446808 -0.796868952963716 -2.0999837955224305 -0.41432619865290166 -0.41774946207749203 -1.2006525413761915 -0.1236868912768059 0.8314294602978713 0.11185504067640024 -0.9506825928507724 -1.5300335784681458 -1.4471985917291494 -0.11900528879308471 0.7845274013375474 0.27212954986147236 0.06808667278752868 0.00503709060842484 -0.4506749519888482 1.71955125371196 -1.041678974431474 0.0 0.0 0.0 0.0 0.0 0.0 0.0
-0.771121354273239 -0.6365733487896412 -1.4758189776339306 -1.4887713332196477 -1.7677151316558737 -1.1097522605237753 -0.6700735634820758 -0.2628668853257723 0.6386580634548366 -0.5119376615476587 -0.9431472082932484 -0.5067717748234276 0.3000880083624244 0.26287975075094555 0.15944339981191022 0.05099011988680898 0.1162654263600579 0.06367484721874117 -0.44416337565095904 -0.33255090086896516 0.21268420092211085 0.0 0.0 0.0 0.0 0.0 0.0
-0.11504091027203035 -0.29485238908574707 -1.504089543336745 -1.55305101898962 0.5090627350436276 -0.6423568887392463 -0.18299084438536709 -0.28803811463315554 -0.0836342783711832 -0.36477560273021425 -0.9540294797527274 -1.0975070923727832 -0.4624649216193376 0.3591457948211382 0.035205539272443895 0.06066246789008184 -0.013086840025246252 0.06332047236245843 -0.005507315408421824 0.43535169378279265 -0.9442121149238749 -1.7552204744520872 0.0 0.0 0.0 0.0 0.0
0.0 0.0 0.0 0.0 0.0 0.0 0.0 0.0 0.0 0.0 0.0 0.0 0.0 0.0 0.0 0.0 0.0 0.0 0.0 0.0 0.0 0.0 0.0 0.0 0.0 0.0 0.0
0.0 0.0 0.0 0.0 0.0 0.0 0.0 0.0 0.0 0.0 0.0 0.0 0.0 0.0 0.0 0.0 0.0 0.0 0.0 0.0 0.0 0.0 0.0 0.0 0.0 0.0 0.0
0.0 0.0 0.0 0.0 0.0 0.0 0.0 0.0 0.0 0.0 0.0 0.0 0.0 0.0 0.0 0.0 0.0 0.0 0.0 0.0 0.0 0.0 0.0 0.0 0.0 0.0 0.0
0.7550825054644164 0.7698294053844096 0.26685012335647146 2.0988565327982784 0.6546149228397216 0.5232250826148392 0.5530029171935122 0.39764984887151467 0.11025041072872425 0.3180249741027737 0.4810710733821977 -1.0114128081670182 -1.6449035626123687 -1.396179029459169 1.0485914611847362 0.0 0.0 0.0 0.0 0.0 0.0 0.0 0.0 0.0 0.0 0.0 0.0
-1.1425720403802977 -1.1470297349268939 -0.3353150699968444 0.40237269446669544 0.8871989710498295 0.39843263795110173 -0.46351400336252246 0.6452871242957662 -0.38583940053021176 -0.21424232617790565 0.9984723071577581 2.051322606911304 0.9572394796243676 0.16778206837118786 -0.7516356818998567 -1.6001860279422273 0.0 0.0 0.0 0.0 0.0 0.0 0.0 0.0 0.0 0.0 0.0
0.7255564222781289 -0.3896041716447905 -0.8175471384312084 0.922918739243607 2.324608824689313 -0.6502537021334153 1.9131182242735747 1.1584182358363573 0.6412702527992014 0.8689098610572797 2.407477895527351 2.3913816370566137 0.9761586673513357 -0.61501867994582 -0.6979241037277819 0.29525736119709367 0.0 0.0 0.0 0.0 0.0 0.0 0.0 0.0 0.0 0.0 0.0
0.15935948632613225 -1.1465842888378175 -0.2940212720261018 0.3202987593222251 0.20286886462992115 0.22944286373821465 0.36470352101909725 0.7494335743607693 -1.7842049318207827 0.2475404420143862 1.5114891003809785 0.9558260183758834 1.2279286382979073 0.6407000450481681 0.017045099438640025 0.31230833799568825 0.55935407164929 0.0 0.0 0.0 0.0 0.0 0.0 0.0 0.0 0.0 0.0
-0.42306235837284945 -1.1892974248237866 -1.661468202115097 -0.5834482117449059 0.8689891645770665 0.588521678535025 0.38640783259624367 -0.24689797995019727 0.10464845331121217 -1.3982294538416298 -1.7912447147307697 -0.5896872487909967 0.5140336819317666 0.502464478421776 0.543183247092858 1.6882918903055422 1.2307771801492517 0.0 0.0 0.0 0.0 0.0 0.0 0.0 0.0 0.0 0.0
-1.1802419708920815 -0.7395395647141974 0.10150393202913015 0.195411052294851 0.1181553917554357 -0.13524240246256344 0.5429635057786248 0.6725280789064441 0.06946585802834464 -0.29435963348924093 0.023658765404605018 -0.6027137326171074 -1.2659814320686884 0.810940344443852 1.0160387241371738 0.9949583771259821 1.0086644094103077 0.43090661875647984 0.0 0.0 0.0 0.0 0.0 0.0 0.0 0.0 0.0
0.17352632035259472 -0.37908990905145584 -0.4112435782658948 -0.6084516655642045 0.7651822566122842 0.44630224454802164 -0.15362608720681745 -0.14391338079485594 0.16074885849865894 0.6618741373375856 0.5915696887602744 0.3675344756743056 0.017497031072038816 -0.689900635727383 -0.44873083431479077 0.9670837248960021 3.705391528995385 2.154488235196437 0.0 0.0 0.0 0.0 0.0 0.0 0.0 0.0 0.0
0.41757742604365156 0.5858340832409912 0.44605645464937876 0.009510205758377153 1.136434843102715 0.677008817285161 0.2709148021374269 -0.017360200049530206 -0.33542041679473983 -0.3969390484810714 -0.028128411344505545 0.6066162536947749 1.3644714582088961 1.3028072861507833 0.37014778397203446 0.27782871553077304 0.8511191339230989 0.1723183552684846 0.0 0.0 0.0 0.0 0.0 0.0 0.0 0.0 0.0
0.019992057788471594 -0.006855638459958379 -0.33387119385377184 -0.3749268820807608 1.5483960638159082 0.9342292036730111 0.2258718901648493 -0.051489548480498866 -0.06750763514732688 0.12812294760495654 0.9306415278872245 1.237117003677734 1.151989497547414 0.8023708016109155 0.29317387098710185 0.10083580925204351 0.45424128508256173 0.8358985883751154 -0.006971342476417797 0.0 0.0 0.0 0.0 0.0 0.0 0.0 0.0
-0.8372916133439419 -0.6081031789323408 -0.06812758248499608 -0.07385793110387628 1.7536043225032454 0.8379638101815027 -0.09611184100574977 -0.6578627661336054 -0.9315015068411504 -0.8440075488171931 -0.03702903424368383 0.9415336863273133 1.8609983651782762 1.8241614041119654 0.5342099628365377 0.06639538740320668 0.17012884984805265 0.6129562019918439 1.1680375232360922 0.763621891442193 0.0 0.0 0.0 0.0 0.0 0.0 0.0
0.4371205279606569 -0.10428905689344141 -0.6579340971063434 -1.3886237888540365 -0.055061196518781365 0.9789656993287167 0.304083524868418 -0.7625624297276156 -1.2712322440369421 -1.3036885727938072 -0.9579636393764759 -0.7369458263810817 -0.461689818938749 -0.25796521198973565 0.034668797141458825 0.06056600992890491 0.05956604566995485 0.016371126138117427 1.4472690670277764 -0.3266420868716678 0.5187438749599698 0.0 0.0 0.0 0.0 0.0 0.0
-0.18541534518321537 -0.49405050422598035 -0.5001249908567138 -0.8322171528355108 0.15816102986240305 0.3071847160338664 -0.16004063078513545 -0.5106901932514138 -1.11830584738974 -0.7078614189355599 -0.41681947292646737 0.06032737932964646 0.7192668204804017 0.7331493381957895 0.2423970265431717 0.030826868058596715 0.0390451865943659 0.014740012734053324 -0.061536307699775784 0.5887084314657569 0.13871635161184215 -0.08341375252379589 0.0 0.0 0.0 0.0 0.0
0.07583310175564298 0.08584358140986047 0.11563687735043822 0.25021330090651983 0.5131163356698973 -0.5801952571290315 -0.22618716908971276 0.25913352852401966 0.19845248645808505 -0.41598785430384205 -0.46571733091750694 -0.3552444914130747 -0.26513529538223124 -0.18067692120257076 0.05242866231036243 0.03056706269343483 0.043313832239395215 0.0214970784229168 0.05998389212061287 0.12687426114418546 -0.5800852913881186 0.038605640646415314 0.3980868418890703 0.0 0.0 0.0 0.0
0.0 0.0 0.0 0.0 0.0 0.0 0.0 0.0 0.0 0.0 0.0 0.0 0.0 0.0 0.0 0.0 0.0 0.0 0.0 0.0 0.0 0.0 0.0 0.0 0.0 0.0 0.0
0.0 0.0 0.0 0.0 0.0 0.0 0.0 0.0 0.0 0.0 0.0 0.0 0.0 0.0 0.0 0.0 0.0 0.0 0.0 0.0 0.0 0.0 0.0 0.0 0.0 0.0 0.0
0.0 0.0 0.0 0.0 0.0 0.0 0.0 0.0 0.0 0.0 0.0 0.0 0.0 0.0 0.0 0.0 0.0 0.0 0.0 0.0 0.0 0.0 0.0 0.0 0.0 0.0 0.0
-0.8445208187640447 0.7100093073229388 2.3161182884821616 -0.22259865207179194 2.5162894423139517 -0.6777930707637928 0.12282929071828956 0.47210170485347175 0.7397814235149569 -0.19036049223296153 0.8980256767819073 0.15532000975366608 1.905590582346111 0.7658735627013142 -0.9074791920219781 0.0 0.0 0.0 0.0 0.0 0.0 0.0 0.0 0.0 0.0 0.0 0.0
0.18127924890016398 -0.17396267985107192 -0.5128917342529473 -0.5164903655555356 0.11232252032238244 -0.4102794910942922 -0.4266226990959791 0.02061979258274674 0.12714024836597415 0.675797807029458 0.545930281081794 0.9892618262587899 1.2120790757561872 2.4252531538220072 0.5322802494704171 -0.2593000908864161 0.0 0.0 0.0 0.0 0.0 0.0 0.0 0.0 0.0 0.0 0.0
-0.6695553813488939 -0.5399531733145124 1.4361844812846145 0.7968032238805285 1.7339271398140612 3.3913097787009363 -0.7963872890848573 0.7367567701438098 1.3759955195476985 1.2296240757433712 3.4452359091312736 1.2914243410856958 0.7437902548191858 0.9573055396189634 -0.49823377096219473 0.4259513738349648 0.8753052308922645 0.0 0.0 0.0 0.0 0.0 0.0 0.0 0.0 0.0 0.0
0.5719851258237203 1.2782778482656207 1.8570723275606031 1.4795640454577899 -0.14331321813677 0.4193642986028407 0.4725758798217669 0.7060133464055073 0.18550486861598509 -0.7265639149885614 -0.7234814792443334 0.1650764371162278 -0.0013184609617014804 -0.3264747291115941 0.3634557937729613 2.200105473275653 2.328906098564282 0.0 0.0 0.0 0.0 0.0 0.0 0.0 0.0 0.0 0.0
1.322010480875971 -0.009820564239942129 -0.837623178732199 -1.4507854817632966 1.0448867592239992 -0.09890435268168353 -0.1799853087760169 -0.15130716608878003 1.5481364021624633 2.2061478741885825 1.654477512354814 0.32715397137076124 -0.8975347060642757 0.04488074223129849 0.29094395194315403 0.7675273076937804 -0.34989421961058403 -0.8782155037086389 0.0 0.0 0.0 0.0 0.0 0.0 0.0 0.0 0.0
0.17352632035259472 -0.37908990905145584 -0.4112435782658948 -0.6084516655642045 0.7651822566122842 0.44630224454802164 -0.15362608720681745 -0.14391338079485594 0.16074885849865894 0.6618741373375856 0.5915696887602744 0.3675344756743056 0.017497031072038816 -0.689900635727383 -0.44873083431479077 0.9670837248960021 3.705391528995385 2.154488235196437 0.0 0.0 0.0 0.0 0.0 0.0 0.0 0.0 0.0
0.10006224816006044 0.11014413482571962 -0.24527838535138619 -0.20663379649459365 0.7181335519146955 1.4548441352589034 0.7262728294534293 0.17037546117541127 -0.07998494166703751 -0.2551407753854761 -0.340621873674982 -0.6221308723211839 -1.3154540293166386 -1.382430295927982 -0.476338972183801 0.6308624071476437 0.030278526348787454 -0.7345670726570739 0.0 0.0 0.0 0.0 0.0 0.0 0.0 0.0 0.0
-2.041154536382388 -1.856720284906741 -0.4528385028639914 0.6627386537095576 0.4999668331570832 0.49754340637138933 0.3873509273470402 0.31929478130574984 0.5307341592447573 0.33833191644770555 -0.12225501252666561 -0.4104590039668702 -0.5170872343905921 -0.42968975389253866 -0.09468346648438662 0.2905354947469272 0.2862883759117879 -0.6926735179007278 -0.4888215140962299 0.0 0.0 0.0 0.0 0.0 0.0 0.0 0.0
0.051802047349776455 1.0816467383676076 0.9977185613360104 -0.5520997546430209 -0.4697515388248783 -0.3462748975826678 0.08818060742397854 0.2983142923456622 -0.3285047462365021 -0.21536168689798108 -0.0804147419699187 0.07714211299957491 0.2244829551098273 0.2479601130657322 0.18430884578729825 0.14313753365819806 0.3125468586288467 0.724948998725873 0.8346411017789639 0.0 0.0 0.0 0.0 0.0 0.0 0.0 0.0
0.8667744303493243 0.7448527236555282 -0.850906561034377 -0.18897302485537018 1.6471238416226757 0.8003748956464668 0.45621686320527727 0.4016336868162939 0.6815647224938723 0.5742447592774084 0.5593339684571718 0.6419572820084182 0.7402873517572681 0.5070734156320873 0.17878428829938967 0.11590672121022746 0.12456536597460843 0.15752793647277977 -0.28897655349400786 -0.12073606859385096 0.0 0.0 0.0 0.0 0.0 0.0 0.0
0.2447256649255322 0.2539621020192779 -0.1904575293997971 -0.8283610441576673 -0.2408401858809228 0.4705569428624854 0.6707262915472935 0.5663605667710729 0.08759678041885167 0.03763835876052603 -0.0184099581504934 -0.1278528538273814 -0.18134462461841155 -0.09141074239689863 0.038630027075719484 0.07132910565307245 0.0634669043701208 0.04284404457444864 0.10319854413418963 2.0999260823300587 1.2547031835409928 0.0 0.0 0.0 0.0 0.0 0.0
0.49526378108588626 -0.06500432642064746 -0.16570071561093488 -0.11214209625259874 0.8037708048221031 0.9153910227228317 0.9700376207148044 0.765218309302966 0.6692069953841966 0.43958831631039724 0.4390352528118564 0.5512692293353431 0.6047346659178889 0.40781110636332174 0.13396813772597352 0.04015935889257158 0.04442043625735931 0.031417431035794426 0.05055737632833223 -0.010445458922140912 -1.2565355877684377 -0.978723143726393 0.0 0.0 0.0 0.0 0.0
-0.8647671968313213 -0.7058056624192262 -1.0661654999729278 -0.5790103426838942 -0.06090352446061553 0.45773489750368035 0.5108837854442695 0.46790138178426377 0.3853418009036715 0.3025780330450946 0.1310708031058232 0.029294693557863027 0.026294556010038647 -0.010571015227874956 0.008533639687707002 0.036311438299076335 0.020965825285460524 0.03004683710823276 0.04317290254180221 0.09701283499490741 0.33408227337936514 1.1702289080035053 1.2265756023469034 0.0 0.0 0.0 0.0
0.0 0.0 0.0 0.0 0.0 0.0 0.0 0.0 0.0 0.0 0.0 0.0 0.0 0.0 0.0 0.0 0.0 0.0 0.0 0.0 0.0 0.0 0.0 0.0 0.0 0.0 0.0
0.0 0.0 0.0 0.0 0.0 0.0 0.0 0.0 0.0 0.0 0.0 0.0 0.0 0.0 0.0 0.0 0.0 0.0 0.0 0.0 0.0 0.0 0.0 0.0 0.0 0.0 0.0
0.0 0.0 0.0 0.0 0.0 0.0 0.0 0.0 0.0 0.0 0.0 0.0 0.0 0.0 0.0 0.0 0.0 0.0 0.0 0.0 0.0 0.0 0.0 0.0 0.0 0.0 0.0
0.0 -0.8523842726330755 -0.5571599206637997 -0.6792543987693772 -0.615952067193637 0.1485917114995453 0.01579673868111039 -0.8808855927025957 0.5451969968025335 0.5320651050949171 1.0006452305646216 1.4116672706811861 1.5250219277525356 -1.0432344483656464 -0.07957984539167799 0.0 0.0 0.0 0.0 0.0 0.0 0.0 0.0 0.0 0.0 0.0 0.0
0.14743766690019555 -2.8369100135164134 -0.3655474833504806 -0.09359885928886982 -0.6798309717821676 -1.0219704301534838 0.532815290708593 -0.07285476486626451 -1.6817413049275813 -1.118125840805627 -0.5511905533201853 2.015731511748514 2.332809541548744 1.6483079450253764 0.9671226244865281 0.9584164061071194 0.0 0.0 0.0 0.0 0.0 0.0 0.0 0.0 0.0 0.0 0.0
-0.06206524643464632 0.6823050995391785 0.45932439420808635 1.1704603334021377 0.5704992175983415 -0.8623824231005329 2.534723464291869 -0.26395474230326116 0.38072378588000433 0.5339254835887488 -0.14575132661220852 -0.010494847287915096 0.6660851902896409 -2.9270019310261293 -1.762617350621222 0.5993703827051717 -0.38973729270877144 0.0 0.0 0.0 0.0 0.0 0.0 0.0 0.0 0.0 0.0
1.3999662263193433 -0.4504002738101447 -0.17560805892598969 0.5627968491650074 1.4080357196687454 2.330167482600164 1.547094609481359 0.4010002035113067 -0.28226139009935153 -0.8592886693023614 -0.5474821309121184 0.11827526469900405 1.549722888383667 0.9436211755125835 -0.8748610441404903 -0.46011268756357665 0.20592055151180982 0.3755146300864619 0.0 0.0 0.0 0.0 0.0 0.0 0.0 0.0 0.0
-0.41629015263601793 -2.123456433241367 -2.4133349027644537 -1.106008076263969 0.29265690993694066 -0.06089654864116575 -0.986421002658097 -1.4599051632780278 -0.7396462640130622 0.9918052023224952 1.4891520307024624 1.0248560947616323 -0.14977068849894987 0.40659323973396494 0.8631551090105773 0.2829867434374404 -0.9231318407137988 -1.4501091482390227 0.0 0.0 0.0 0.0 0.0 0.0 0.0 0.0 0.0
0.41757742604365156 0.5858340832409912 0.44605645464937876 0.009510205758377153 1.136434843102715 0.677008817285161 0.2709148021374269 -0.017360200049530206 -0.33542041679473983 -0.3969390484810714 -0.028128411344505545 0.6066162536947749 1.3644714582088961 1.3028072861507833 0.37014778397203446 0.27782871553077304 0.8511191339230989 0.1723183552684846 0.0 0.0 0.0 0.0 0.0 0.0 0.0 0.0 0.0
-2.041154536382388 -1.856720284906741 -0.4528385028639914 0.6627386537095576 0.4999668331570832 0.49754340637138933 0.3873509273470402 0.31929478130574984 0.5307341592447573 0.33833191644770555 -0.12225501252666561 -0.4104590039668702 -0.5170872343905921 -0.42968975389253866 -0.09468346648438662 0.2905354947469272 0.2862883759117879 -0.6926735179007278 -0.4888215140962299 0.0 0.0 0.0 0.0 0.0 0.0 0.0 0.0
-0.5035386554425382 -0.4658494804361018 -0.30401477612256683 1.4617270887718707 1.8165910715432774 1.8245900667252921 0.5806275051246687 -0.5856654149799999 0.13350438972931514 0.05367687569942545 -0.06406523802915594 -0.2031077450036666 -0.3163130220440488 -0.2106376123635684 0.03910845200690749 0.18906659856134658 0.2115531308161806 9.189555491407055e-05 -0.5226525001428725 0.0 0.0 0.0 0.0 0.0 0.0 0.0 0.0
-0.752959590890776 -0.96167405855003 -0.5393495353287008 0.08543663952370979 0.516192612237356 0.91451519246977 0.768506580650046 0.44478658351299655 0.17254606199330938 0.010455758036392508 0.003612700009173319 0.032579915305676346 0.10210165262259904 0.1597136471958 0.11722847913008566 0.12427572670892595 0.19505123957065987 0.019152160527336096 -0.3519671019707209 0.0 0.0 0.0 0.0 0.0 0.0 0.0 0.0
-0.6723384852598948 -0.06943429751734993 1.320686696414741 1.786759249436343 1.6512319343090534 1.6376359589310463 0.6883423469351142 -0.07182002095340562 0.20918306329694825 0.3726526340773947 0.42461405598630314 0.3655529516554996 0.22547045197477167 0.13281496327541942 0.09816948797708222 0.0922088283356886 0.10701031133119752 0.10201627189545469 0.056728690753538244 0.09794929963786575 0.0 0.0 0.0 0.0 0.0 0.0 0.0
0.6788602238145005 1.125507322159675 0.5167254546969684 -0.9489422345594847 -0.20036611614991837 0.20871888089674787 0.4831894273933851 0.573860857800272 0.24863762123354574 0.12422589345401028 0.07292318422724257 0.0756226910921942 0.08045217774692871 0.0650459459539165 0.06888204494784277 0.07195318250030636 0.05641042859437607 0.04391088263422197 0.02024553823588815 1.1889918465108178 0.6275422815132021 0.0 0.0 0.0 0.0 0.0 0.0
-0.5390685711726881 -0.6189539532146688 1.0275221764874072 -0.3294258562498854 -0.7025073564549454 -0.3752051184551923 -0.18476373135047947 -0.04420736647211568 0.19338959126827163 0.291315750851087 0.31517988516182427 0.29997561611272594 0.25323164272477705 0.1497775231131737 0.07600882948140245 0.042378098229195325 0.04316800248791903 0.03878600106230777 0.037016978532599526 -0.00897850140994654 -1.2618347121035058 -0.47331793228179536 0.0 0.0 0.0 0.0 0.0
-0.9509619995950747 -0.14635934490533123 1.4211716936535714 1.6316821352646196 -0.16045114098610086 -0.8663957084444888 -0.5245325747117237 -0.03885086045641212 0.071193536049625 0.1338287228842859 0.21226721312492844 0.25854084418368906 0.21763544636343213 0.1252120485195948 0.04850183093063932 0.025727505013932124 0.025357613477405425 0.019138967839008147 0.040387971519598005 0.06252975222112933 0.23092866946228266 -0.4086523992769722 -0.6291863484583992 0.0 0.0 0.0 0.0
0.0 0.0 0.0 0.0 0.0 0.0 0.0 0.0 0.0 0.0 0.0 0.0 0.0 0.0 0.0 0.0 0.0 0.0 0.0 0.0 0.0 0.0 0.0 0.0 0.0 0.0 0.0
0.0 0.0 0.0 0.0 0.0 0.0 0.0 0.0 0.0 0.0 0.0 0.0 0.0 0.0 0.0 0.0 0.0 0.0 0.0 0.0 0.0 0.0 0.0 0.0 0.0 0.0 0.0
0.0 0.0 0.0 0.0 0.0 0.0 0.0 0.0 0.0 0.0 0.0 0.0 0.0 0.0 0.0 0.0 0.0 0.0 0.0 0.0 0.0 0.0 0.0 0.0 0.0 0.0 0.0
0.0 0.0 0.38183104370396986 -2.426655453207422 0.4118133753787851 -0.08958480430151554 -0.4878129387840144 0.3157903709175139 1.0469979969745846 -1.4475835847219312 -1.4433379799265937 -1.5648134638347642 -1.0515703254117619 -0.15343916085576897 1.102620715943001 0.5556410181956261 0.0 0.0 0.0 0.0 0.0 0.0 0.0 0.0 0.0 0.0 0.0
0.0 -0.49907901361909035 -1.805193450747067 -1.3719909275824271 -0.5204364903328424 -0.5184001280078488 -0.8417447183726126 0.8526224866939592 -0.6381343718866922 -0.3979816290934352 -2.6260520725076937 -0.2782465124180852 3.105185728437457 2.8197296119501867 3.7821576906194663 1.252506313454227 -0.7540743803557659 0.0 0.0 0.0 0.0 0.0 0.0 0.0 0.0 0.0 0.0
1.66604882830909 0.9871601667542832 0.8434901513999682 1.5318126059277948 0.544549974900351 -0.6011946806546562 0.8427784190280836 0.738071981893744 0.9899243316559866 1.6152250159989405 0.447252405977769 1.0306627013185812 0.07668318275838032 1.216026785799627 0.31715670656777584 -2.280644456003703 0.34171818175100316 -1.7383051794252058 0.0 0.0 0.0 0.0 0.0 0.0 0.0 0.0 0.0
1.3647998049554722 1.8415890599178193 0.6681851687048181 -0.11012074469798568 0.6615738233111004 0.04354462057760095 0.44399585947252745 1.9460221974093985 1.5353034839529327 0.23053152007398311 -0.02274959103390345 -0.4795034331356352 0.03828110054180362 0.7962173813948812 0.5109846338473888 0.309493050005228 0.7352808355996404 0.6820020005269347 0.0 0.0 0.0 0.0 0.0 0.0 0.0 0.0 0.0
-1.648673570458153 -1.8304008798983453 -0.3897481538105772 1.128134225464852 0.8414355904936373 1.086662808049016 0.05409996374219276 -1.1970935814195713 -1.2335305703923678 0.5719033128984754 0.8231686150808056 0.8235862225417449 0.6460260771641229 -0.022304282340802842 -0.15806856930618085 0.5774399354772742 -0.7787955412185891 -0.7504520608698466 0.0 0.0 0.0 0.0 0.0 0.0 0.0 0.0 0.0
0.019992057788471594 -0.006855638459958379 -0.33387119385377184 -0.3749268820807608 1.5483960638159082 0.9342292036730111 0.2258718901648493 -0.051489548480498866 -0.06750763514732688 0.12812294760495654 0.9306415278872245 1.237117003677734 1.151989497547414 0.8023708016109155 0.29317387098710185 0.10083580925204351 0.45424128508256173 0.8358985883751154 -0.006971342476417797 0.0 0.0 0.0 0.0 0.0 0.0 0.0 0.0
0.051802047349776455 1.0816467383676076 0.9977185613360104 -0.5520997546430209 -0.4697515388248783 -0.3462748975826678 0.08818060742397854 0.2983142923456622 -0.3285047462365021 -0.21536168689798108 -0.0804147419699187 0.07714211299957491 0.2244829551098273 0.2479601130657322 0.18430884578729825 0.14313753365819806 0.3125468586288467 0.724948998725873 0.8346411017789639 0.0 0.0 0.0 0.0 0.0 0.0 0.0 0.0
-0.752959590890776 -0.96167405855003 -0.5393495353287008 0.08543663952370979 0.516192612237356 0.91451519246977 0.768506580650046 0.44478658351299655 0.17254606199330938 0.010455758036392508 0.003612700009173319 0.032579915305676346 0.10210165262259904 0.1597136471958 0.11722847913008566 0.12427572670892595 0.19505123957065987 0.019152160527336096 -0.3519671019707209 0.0 0.0 0.0 0.0 0.0 0.0 0.0 0.0
-0.025987729208493127 0.4466554119033179 -0.14479872704166394 0.07366758811686265 -0.6143932867147545 -0.6677968481321247 0.2864920506749963 0.6834598191670435 0.3661004642247459 0.12989271364855087 0.055450295343551156 0.12950025375421487 0.30769546802275244 0.24596915128510996 0.09612126574928734 0.10850854471099848 0.1342347042380873 0.13877891218761854 -0.5441440137733482 -1.0590810877610606 0.0 0.0 0.0 0.0 0.0 0.0 0.0
-0.6716760419800816 -0.4466482953114239 0.236890986172405 1.4968654511284785 1.4698060521996335 0.44812615743539264 -0.14753447224143423 -0.22576077835072308 -0.13986462551727322 0.0666176341606447 0.19953336550660886 0.2721939431259829 0.30704603508217015 0.2538330666366373 0.13926917557613588 0.07008056553614311 0.09296944071376959 0.08053789535641945 0.041272843558989254 -1.0398303458711975 -0.31584600478594743 0.0 0.0 0.0 0.0 0.0 0.0
0.7635296099274103 0.11767250918609809 -0.14584943723471355 0.6910067732988526 0.5318712089350744 0.3866185848227926 0.13122187468949822 -0.044378991993972994 -0.0010655473676891615 -0.04715927784465607 -0.006628553790448906 0.05519484688467068 0.12420297052274998 0.15849041388654875 0.10085091148667524 0.056263724757765095 0.05437120757687527 0.05034947253681371 0.029735967284363826 0.21737402155919347 -0.112504425255428 0.05449709575038351 0.0 0.0 0.0 0.0 0.0
0.5415059762073846 0.38509722887133735 0.49414439841263386 -0.4465781600079548 0.5883406840273521 0.2338412411177629 -0.306061406213428 -0.5068806979097966 -0.33268749294025074 -0.11671120489975095 -0.008603997116736973 0.028949047883106652 0.042209946504463525 0.06309579952456602 0.053649304665340215 0.04609004417884497 0.036493600881913446 0.03397096150602814 0.046866548155640064 0.01631663361549221 -0.6668840923137218 0.5754859289223055 0.2765285450142195 0.0 0.0 0.0 0.0
-0.28351683708115905 0.0719121049734271 -0.32294784836966134 -0.1341535419019546 0.7370835543417469 0.4515594686894147 -0.06617676521878085 -0.3718222611273633 -0.18951924356062944 -0.04164044773411872 0.05466963092735901 0.14372461572329742 0.19928866529440295 0.14431159295375304 0.06681587098322883 0.02199770897624935 0.026270687958769464 0.01881108668747198 0.02957368906650182 0.05304923622275332 0.1245644494474161 0.3264388199034774 0.4683042755681367 0.14281988995401013 0.0 0.0 0.0
0.0 0.0 0.0 0.0 0.0 0.0 0.0 0.0 0.0 0.0 0.0 0.0 0.0 0.0 0.0 0.0 0.0 0.0 0.0 0.0 0.0 0.0 0.0 0.0 0.0 0.0 0.0
0.0 0.0 0.0 0.0 0.0 0.0 0.0 0.0 0.0 0.0 0.0 0.0 0.0 0.0 0.0 0.0 0.0 0.0 0.0 0.0 0.0 0.0 0.0 0.0 0.0 0.0 0.0
0.0 0.0 0.0 0.0 0.0 0.0 0.0 0.0 0.0 0.0 0.0 0.0 0.0 0.0 0.0 0.0 0.0 0.0 0.0 0.0 0.0 0.0 0.0 0.0 0.0 0.0 0.0
0.0 0.0 1.8747893731873426 0.03602918711776631 -0.05962953730164793 1.7389969608393783 2.214091517294832 0.4908060047655141 0.39753586637050686 -0.3533811431860822 -0.3963153614824417 -0.24768356235981867 0.18886133265918384 0.6478890873947387 1.4908415108130837 0.5776100441545277 -1.4693253932462869 0.0 0.0 0.0 0.0 0.0 0.0 0.0 0.0 0.0 0.0
0.0 -0.7848533581547327 0.06569212943906345 0.07968008542705934 -0.14913830460762545 1.00055188367011 0.8315953132538301 0.2893607541113019 -0.42687056650683947 -1.0895469985212372 -1.2852750337891674 -0.17551575204728678 0.6578088982436727 1.4498259527728148 1.0893282147962082 1.1946190946448605 -0.05450636589478576 -1.417555577103425 0.0 0.0 0.0 0.0 0.0 0.0 0.0 0.0 0.0
0.11278277884869677 0.6977621930391252 -0.07099795113245573 0.2967762303639361 1.5150551439105742 -1.0775152750010903 0.3640743119207979 0.2941753472855612 0.07627766224161496 0.7553107317988424 -0.05746531784962587 1.6583919619594594 1.2795266933495182 0.36943041489620326 -0.5847173733621029 -1.0889059071026077 -0.3091399153780009 -0.2877316262246125 -0.27097287556823463 0.0 0.0 0.0 0.0 0.0 0.0 0.0 0.0
-0.36845056641792223 -0.16601125140484513 0.2403769731330396 0.4084205484968593 -0.3132192431891684 -1.4098188460368084 -1.1832928315892635 0.018968557677401465 -0.3930134687737025 -1.0215551361404775 -0.033511297236762216 -0.27617564486575713 -1.420216702284703 -2.1829274261339817 -0.9821512466419611 0.3243775613515167 1.9128146780977553 1.264919497976729 -1.1656162117097442 0.0 0.0 0.0 0.0 0.0 0.0 0.0 0.0
-0.6478367174877737 -0.7869506174637407 -0.16470545733215677 0.7195962771229568 0.9826251261506472 1.1036768458740385 -0.4521617771760182 -2.244497938653261 -2.988956474351336 -1.7255631892058556 -0.43963929462371004 0.9574833677725727 2.037911235184376 1.8631402251490536 0.9878419290661026 -0.22705823917729742 0.6816195065190882 -1.1961919159458927 -1.6135353410858797 0.0 0.0 0.0 0.0 0.0 0.0 0.0 0.0
-0.8372916133439419 -0.6081031789323408 -0.06812758248499608 -0.07385793110387628 1.7536043225032454 0.8379638101815027 -0.09611184100574977 -0.6578627661336054 -0.9315015068411504 -0.8440075488171931 -0.03702903424368383 0.9415336863273133 1.8609983651782762 1.8241614041119654 0.5342099628365377 0.06639538740320668 0.17012884984805265 0.6129562019918439 1.1680375232360922 0.763621891442193 0.0 0.0 0.0 0.0 0.0 0.0 0.0
0.8667744303493243 0.7448527236555282 -0.850906561034377 -0.18897302485537018 1.6471238416226757 0.8003748956464668 0.45621686320527727 0.4016336868162939 0.6815647224938723 0.5742447592774084 0.5593339684571718 0.6419572820084182 0.7402873517572681 0.5070734156320873 0.17878428829938967 0.11590672121022746 0.12456536597460843 0.15752793647277977 -0.28897655349400786 -0.12073606859385096 0.0 0.0 0.0 0.0 0.0 0.0 0.0
-0.6723384852598948 -0.06943429751734993 1.320686696414741 1.786759249436343 1.6512319343090534 1.6376359589310463 0.6883423469351142 -0.07182002095340562 0.20918306329694825 0.3726526340773947 0.42461405598630314 0.3655529516554996 0.22547045197477167 0.13281496327541942 0.09816948797708222 0.0922088283356886 0.10701031133119752 0.10201627189545469 0.056728690753538244 0.09794929963786575 0.0 0.0 0.0 0.0 0.0 0.0 0.0
-0.6716760419800816 -0.4466482953114239 0.236890986172405 1.4968654511284785 1.4698060521996335 0.44812615743539264 -0.14753447224143423 -0.22576077835072308 -0.13986462551727322 0.0666176341606447 0.19953336550660886 0.2721939431259829 0.30704603508217015 0.2538330666366373 0.13926917557613588 0.07008056553614311 0.09296944071376959 0.08053789535641945 0.041272843558989254 -1.0398303458711975 -0.31584600478594743 0.0 0.0 0.0 0.0 0.0 0.0
-0.5924405323934188 -0.4677829613885614 -0.17192074431629165 -0.34715848983865044 0.20936815195393238 -0.24748544203135026 -0.6201334590698854 -0.871363620569068 -0.622083730989369 -0.32112967652799457 -0.047952208330585396 0.1929039171221397 0.38204152946110626 0.27310786270307746 0.12133194031623185 0.06328972777666941 0.061331037147506984 0.07133641291220486 0.04440734356250257 0.4346618959412766 0.7265742051764248 0.6207610388279757 0.0 0.0 0.0 0.0 0.0
-0.2894396854016684 -0.031021872328008748 0.6931185548979008 0.7300319280140108 0.3648412492108989 -0.33745991450612567 -0.6132286863077702 -0.4721250193677137 -0.20136056455478127 -0.1768872219037967 -0.14066856358469548 -0.04933627675814701 0.09505351462262976 0.1271926738563496 0.08444368157974372 0.05456148259205709 0.043545386881809506 0.044872676588993236 0.037391104826704644 0.1369176055426864 -0.03818188666961498 0.1574169846221689 0.3389915669540582 0.0 0.0 0.0 0.0
0.4333880026289209 0.8415310349685567 1.3007541905901339 1.7687347931017448 -0.17815678340623375 -1.4084479545756143 -1.4065768715319873 -0.879706509604608 -0.36508712217209055 -0.20594057010906805 -0.1362021988950625 -0.07800417717752894 -0.008798537327797623 0.05360478181475743 0.05350466345558292 0.035121048463911356 0.030269455217121762 0.029749554953542815 0.03784954012149244 0.028251260232310303 -0.08556788393618728 -1.1310685918165582 -1.276223174865992 -0.8651728369300371 0.0 0.0 0.0
-0.7015295924804847 1.2931388880039096 2.409206162930149 1.8672675981437044 0.4586635580615528 -0.37223432069966256 -0.3459908637768224 -0.23267638295731252 -0.2570215854439029 -0.19445997387784125 -0.09136033549600274 0.03012919989293735 0.13541523100533556 0.10059349880155972 0.04905255367735285 0.029769142381375277 0.017921924807029803 0.016230059996285424 0.017975371255159637 0.03175266501161064 0.06046184076236932 0.13601460832005488 2.2281322340797995 1.201139756438118 0.0 0.0 0.0
0.0 0.0 0.0 0.0 0.0 0.0 0.0 0.0 0.0 0.0 0.0 0.0 0.0 0.0 0.0 0.0 0.0 0.0 0.0 0.0 0.0 0.0 0.0 0.0 0.0 0.0 0.0
0.0 0.0 0.0 0.0 0.0 0.0 0.0 0.0 0.0 0.0 0.0 0.0 0.0 0.0 0.0 0.0 0.0 0.0 0.0 0.0 0.0 0.0 0.0 0.0 0.0 0.0 0.0
0.0 0.0 0.0 0.0 0.0 0.0 0.0 0.0 0.0 0.0 0.0 0.0 0.0 0.0 0.0 0.0 0.0 0.0 0.0 0.0 0.0 0.0 0.0 0.0 0.0 0.0 0.0
0.0 0.0 0.5450579966001834 0.4057110964132502 -0.2495550188285141 1.219177179359737 0.823093647313062 0.14800023763867365 2.1965834833370503 2.887438589451205 0.7969983597116002 0.5424931239912494 1.8102458578430118 -0.6039728948868258 1.2215723136661882 0.33599540948536033 -0.7246684802625438 -0.4080064400688565 0.0 0.0 0.0 0.0 0.0 0.0 0.0 0.0 0.0
0.0 -1.0341322556445112 -2.4935775960108915 -0.6991808974650467 -2.594169959906744 -1.6839221108620712 -0.5300721291733718 0.6891307322587265 0.5593089250884593 -0.6866892466861659 2.88905026572664 3.47483588761352 2.607453421218426 0.45702968360115964 -0.8882885974980507 -0.28353693909440075 -0.20986881130411522 -1.047662639640888 -0.7608912909091488 0.0 0.0 0.0 0.0 0.0 0.0 0.0 0.0
-1.314832508121892 -0.5695372870692554 -1.9397378472090219 -0.6053704676784462 0.782447790070935 -0.27219232957756584 3.1119302151840667 0.8371780022404658 0.5091877453677298 -0.15894183882839838 -0.5860760159797556 -0.8263612014398978 0.8410917067008209 1.1876627284076828 1.6532279129502603 0.032760255591647865 -1.6281417975415424 -1.9045443356811511 -1.5491660163773548 0.0 0.0 0.0 0.0 0.0 0.0 0.0 0.0
-1.8351586146152503 -3.00329431966933 -1.982138996751866 -0.36421592211656767 1.0929572611117413 1.005595508752218 1.0137069988573078 0.9537289332982515 0.2100090407923754 0.15154814366627783 0.2988323657232502 0.3720195069102734 0.23241008469178312 0.9635543609449221 0.38498930839302364 -0.1417979652462353 -0.0802923555977183 -3.9964180992895715 -1.6222274276288107 -0.18593799255605653 0.0 0.0 0.0 0.0 0.0 0.0 0.0
-1.0617698142446808 -0.796868952963716 -2.0999837955224305 -0.41432619865290166 -0.41774946207749203 -1.2006525413761915 -0.1236868912768059 0.8314294602978713 0.11185504067640024 -0.9506825928507724 -1.5300335784681458 -1.4471985917291494 -0.11900528879308471 0.7845274013375474 0.27212954986147236 0.06808667278752868 0.00503709060842484 -0.4506749519888482 1.71955125371196 -1.041678974431474 0.0 0.0 0.0 0.0 0.0 0.0 0.0
0.4371205279606569 -0.10428905689344141 -0.6579340971063434 -1.3886237888540365 -0.055061196518781365 0.9789656993287167 0.304083524868418 -0.7625624297276156 -1.2712322440369421 -1.3036885727938072 -0.9579636393764759 -0.7369458263810817 -0.461689818938749 -0.25796521198973565 0.034668797141458825 0.06056600992890491 0.05956604566995485 0.016371126138117427 1.4472690670277764 -0.3266420868716678 0.5187438749599698 0.0 0.0 0.0 0.0 0.0 0.0
0.2447256649255322 0.2539621020192779 -0.1904575293997971 -0.8283610441576673 -0.2408401858809228 0.4705569428624854 0.6707262915472935 0.5663605667710729 0.08759678041885167 0.03763835876052603 -0.0184099581504934 -0.1278528538273814 -0.18134462461841155 -0.09141074239689863 0.038630027075719484 0.07132910565307245 0.0634669043701208 0.04284404457444864 0.10319854413418963 2.0999260823300587 1.2547031835409928 0.0 0.0 0.0 0.0 0.0 0.0
0.6788602238145005 1.125507322159675 0.5167254546969684 -0.9489422345594847 -0.20036611614991837 0.20871888089674787 0.4831894273933851 0.573860857800272 0.24863762123354574 0.12422589345401028 0.07292318422724257 0.0756226910921942 0.08045217774692871 0.0650459459539165 0.06888204494784277 0.07195318250030636 0.05641042859437607 0.04391088263422197 0.02024553823588815 1.1889918465108178 0.6275422815132021 0.0 0.0 0.0 0.0 0.0 0.0
0.7635296099274103 0.11767250918609809 -0.14584943723471355 0.6910067732988526 0.5318712089350744 0.3866185848227926 0.13122187468949822 -0.044378991993972994 -0.0010655473676891615 -0.04715927784465607 -0.006628553790448906 0.05519484688467068 0.12420297052274998 0.15849041388654875 0.10085091148667524 0.056263724757765095 0.05437120757687527 0.05034947253681371 0.029735967284363826 0.21737402155919347 -0.112504425255428 0.05449709575038351 0.0 0.0 0.0 0.0 0.0
-0.2894396854016684 -0.031021872328008748 0.6931185548979008 0.7300319280140108 0.3648412492108989 -0.33745991450612567 -0.6132286863077702 -0.4721250193677137 -0.20136056455478127 -0.1768872219037967 -0.14066856358469548 -0.04933627675814701 0.09505351462262976 0.1271926738563496 0.08444368157974372 0.05456148259205709 0.043545386881809506 0.044872676588993236 0.037391104826704644 0.1369176055426864 -0.03818188666961498 0.1574169846221689 0.3389915669540582 0.0 0.0 0.0 0.0
-1.0150895684871677 -0.3069615449841262 0.8190318975593921 -0.4666553624002806 1.2585054386082424 1.5109372888796049 1.0374447037211558 0.4125221112994574 -0.03459637684994939 -0.10140645579261831 -0.02411016069103867 0.01792485332797276 0.018068910505738674 0.014762064039766088 0.02641237683493352 0.05050552873743898 0.029230631742239395 0.02460717164992244 0.04554195593882938 0.04369379460214197 0.12085498300960823 -0.5370061321609307 -0.0479481496253836 0.36086882127277725 0.0 0.0 0.0
0.2895186904842414 2.728156851252088 1.9933828121447577 -0.9496271238727363 -1.0134773184440955 -0.3283143380569348 -0.17845967706562446 -0.38031116801729337 -0.26072351658168164 -0.12037010975981789 -0.03249356260881121 0.0010703695095682147 0.03980326698078977 0.046140975781210396 0.032673966261414195 0.03179514398518408 0.02261185147555443 0.014597639499156373 0.021080370781271004 0.029890327812721326 -0.002644327189963373 -0.04373660659628334 -2.3310279718761118 -1.110262958923674 0.0 0.0 0.0
0.2924073574392734 0.1786019192435932 -0.5072334473235479 -1.591760574343141 -0.002462568925338354 0.5123961990517694 0.26600853486035253 0.011145317122522612 -0.2263831464062077 -0.2513068474484058 -0.19299412466758337 -0.07619209973636903 0.04310775649044777 0.04528493377560861 0.024041277977477946 0.016696176129499626 0.02204495077655202 0.008095220724316095 0.013073087216053452 0.013066436307656285 0.019951978267281706 0.04977100148105411 0.18213339421948177 1.1825459597720482 0.0 0.0 0.0
0.0 0.0 0.0 0.0 0.0 0.0 0.0 0.0 0.0 0.0 0.0 0.0 0.0 0.0 0.0 0.0 0.0 0.0 0.0 0.0 0.0 0.0 0.0 0.0 0.0 0.0 0.0
0.0 0.0 0.0 0.0 0.0 0.0 0.0 0.0 0.0 0.0 0.0 0.0 0.0 0.0 0.0 0.0 0.0 0.0 0.0 0.0 0.0 0.0 0.0 0.0 0.0 0.0 0.0
0.0 0.0 0.0 0.0 0.0 0.0 0.0 0.0 0.0 0.0 0.0 0.0 0.0 0.0 0.0 0.0 0.0 0.0 0.0 0.0 0.0 0.0 0.0 0.0 0.0 0.0 0.0
0.0 0.0 0.0 -0.6210608602309663 -1.1689206544315618 -0.21495103215543915 0.36842867287147424 0.15022031414080567 -0.07619159964582937 -0.8618718639213748 -0.46812759965828943 0.08755514406697887 0.07514836192162178 -0.102682420278653 1.2055856472225346 0.7434012025564042 0.003435656090948017 1.3145510162159224 -1.1962372220837396 0.0 0.0 0.0 0.0 0.0 0.0 0.0 0.0
0.0 0.0 -0.8409081434859635 -1.3299496299287747 -1.4786038251767826 -0.744682937999759 0.9580980281732525 0.21965119778880757 1.4603615330630704 1.9434418043202155 1.702388022408523 1.7105773933205706 1.983947631728279 5.055805188042657 3.481466197378175 0.9763498795995533 -1.1557874558471 -0.8266085431212574 -1.2677608730045646 0.20012895761139177 0.0 0.0 0.0 0.0 0.0 0.0 0.0
0.0 -0.7703651099283804 -1.1409497091262746 -1.2025062635675705 -1.4070925998671349 -2.1513488667137612 -0.5256512353021137 0.5150827719981623 1.4905936450654196 0.752306878296438 -0.8120588237612247 -2.736521964452017 -1.2235601811188466 -0.3405058408457308 -1.7975287510514046 0.8028366713376338 0.48253592821917435 -1.1861036366357183 -1.2821981951637644 -0.20648939884252107 0.0 0.0 0.0 0.0 0.0 0.0 0.0
-0.804429294588219 -2.097432119239232 -1.4958764879165094 -0.599673732606473 -0.5070806993379562 0.14029059716654851 -0.1631793884246087 0.37603660409053863 -0.6796879995026501 -0.37542973154755044 0.38106584103682417 0.9498643318022443 0.2721618323618708 -0.5446389115444701 -0.014929513647871016 0.08011390393339446 -0.13796191729905338 -0.566984054472796 0.9093669042749684 -0.2752559720757431 0.06643981842595738 0.0 0.0 0.0 0.0 0.0 0.0
-0.771121354273239 -0.6365733487896412 -1.4758189776339306 -1.4887713332196477 -1.7677151316558737 -1.1097522605237753 -0.6700735634820758 -0.2628668853257723 0.6386580634548366 -0.5119376615476587 -0.9431472082932484 -0.5067717748234276 0.3000880083624244 0.26287975075094555 0.15944339981191022 0.05099011988680898 0.1162654263600579 0.06367484721874117 -0.44416337565095904 -0.33255090086896516 0.21268420092211085 0.0 0.0 0.0 0.0 0.0 0.0
-0.18541534518321537 -0.49405050422598035 -0.5001249908567138 -0.8322171528355108 0.15816102986240305 0.3071847160338664 -0.16004063078513545 -0.5106901932514138 -1.11830584738974 -0.7078614189355599 -0.41681947292646737 0.06032737932964646 0.7192668204804017 0.7331493381957895 0.2423970265431717 0.030826868058596715 0.0390451865943659 0.014740012734053324 -0.061536307699775784 0.5887084314657569 0.13871635161184215 -0.08341375252379589 0.0 0.0 0.0 0.0 0.0
0.49526378108588626 -0.06500432642064746 -0.16570071561093488 -0.11214209625259874 0.8037708048221031 0.9153910227228317 0.9700376207148044 0.765218309302966 0.6692069953841966 0.43958831631039724 0.4390352528118564 0.5512692293353431 0.6047346659178889 0.40781110636332174 0.13396813772597352 0.04015935889257158 0.04442043625735931 0.031417431035794426 0.05055737632833223 -0.010445458922140912 -1.2565355877684377 -0.978723143726393 0.0 0.0 0.0 0.0 0.0
-0.5390685711726881 -0.6189539532146688 1.0275221764874072 -0.3294258562498854 -0.7025073564549454 -0.3752051184551923 -0.18476373135047947 -0.04420736647211568 0.19338959126827163 0.291315750851087 0.31517988516182427 0.29997561611272594 0.25323164272477705 0.1497775231131737 0.07600882948140245 0.042378098229195325 0.04316800248791903 0.03878600106230777 0.037016978532599526 -0.00897850140994654 -1.2618347121035058 -0.47331793228179536 0.0 0.0 0.0 0.0 0.0
0.5415059762073846 0.38509722887133735 0.49414439841263386 -0.4465781600079548 0.5883406840273521 0.2338412411177629 -0.306061406213428 -0.5068806979097966 -0.33268749294025074 -0.11671120489975095 -0.008603997116736973 0.028949047883106652 0.042209946504463525 0.06309579952456602 0.053649304665340215 0.04609004417884497 0.036493600881913446 0.03397096150602814 0.046866548155640064 0.01631663361549221 -0.6668840923137218 0.5754859289223055 0.2765285450142195 0.0 0.0 0.0 0.0
0.4333880026289209 0.8415310349685567 1.3007541905901339 1.7687347931017448 -0.17815678340623375 -1.4084479545756143 -1.4065768715319873 -0.879706509604608 -0.36508712217209055 -0.20594057010906805 -0.1362021988950625 -0.07800417717752894 -0.008798537327797623 0.05360478181475743 0.05350466345558292 0.035121048463911356 0.030269455217121762 0.029749554953542815 0.03784954012149244 0.028251260232310303 -0.08556788393618728 -1.1310685918165582 -1.276223174865992 -0.8651728369300371 0.0 0.0 0.0
0.2895186904842414 2.728156851252088 1.9933828121447577 -0.9496271238727363 -1.0134773184440955 -0.3283143380569348 -0.17845967706562446 -0.38031116801729337 -0.26072351658168164 -0.12037010975981789 -0.03249356260881121 0.0010703695095682147 0.03980326698078977 0.046140975781210396 0.032673966261414195 0.03179514398518408 0.02261185147555443 0.014597639499156373 0.021080370781271004 0.029890327812721326 -0.002644327189963373 -0.04373660659628334 -2.3310279718761118 -1.110262958923674 0.0 0.0 0.0
0.36664009251096386 -0.9748005843645772 0.16473880168800137 1.0555801646860465 0.06919484601500224 -1.114796374428233 -1.3645557986480965 -0.8023619199763405 -0.2933926291936427 -0.06595385819784784 -0.013872749449641533 -0.02217777942286232 -0.03790999949502849 0.028099511410209 0.027489502811340688 0.015956823547613436 0.014462305543481628 0.008615516297417927 0.013589560919000692 0.014302341719654284 0.022740959403603097 -0.039487450310410795 -0.40093312815150567 -1.356259894149681 0.0 0.0 0.0
-1.0492206434936069 0.21378326398134767 0.9434575848771528 -0.13458504182616696 -0.3782752746068748 -0.19389330160890692 -0.08511608568549896 -0.15174391870992515 -0.181615495199469 -0.16157497795448947 -0.12975423837969957 -0.08759194287858134 -0.020748192035060987 0.0059519964041635206 0.014469721340206904 0.012697722984242094 0.007944792548438617 0.007431315386459307 0.00486844015222976 0.007208745286379916 0.011944574361629054 0.01991844607412434 0.023465351154202365 -0.027573734159586527 0.0 0.0 0.0
0.0 0.0 0.0 0.0 0.0 0.0 0.0 0.0 0.0 0.0 0.0 0.0 0.0 0.0 0.0 0.0 0.0 0.0 0.0 0.0 0.0 0.0 0.0 0.0 0.0 0.0 0.0
0.0 0.0 0.0 0.0 0.0 0.0 0.0 0.0 0.0 0.0 0.0 0.0 0.0 0.0 0.0 0.0 0.0 0.0 0.0 0.0 0.0 0.0 0.0 0.0 0.0 0.0 0.0
0.0 0.0 0.0 0.0 0.0 0.0 0.0 0.0 0.0 0.0 0.0 0.0 0.0 0.0 0.0 0.0 0.0 0.0 0.0 0.0 0.0 0.0 0.0 0.0 0.0 0.0 0.0
0.0 0.0 0.0 0.0 0.0 -0.4786429693255537 1.0041528319364765 0.7846385328474541 -0.7221651839022599 -0.9441922680781304 0.1760913940420984 -2.413163128615386 -0.1822244271604953 0.43801624893568364 -0.5449778002108844 -0.19166533859391022 -0.6901037847983432 -1.0018000988563232 0.061077578681825194 0.7153660158881184 0.0 0.0 0.0 0.0 0.0 0.0 0.0
0.0 0.0 0.0 -3.6774004348979026 -3.3394790390861213 -1.743345952733522 -0.24680086365196713 0.39688842932655477 0.5770435952026531 1.0596176443649554 0.8177181701788651 1.4635420188429142 1.4599839555865115 2.518414305451571 1.6765861082304792 1.5589844349086823 1.6373824755869004 -1.6066481826092185 -1.5044306399952236 -0.9835083263957455 -0.42324590098602505 0.0 0.0 0.0 0.0 0.0 0.0
0.0 0.0 -1.776518850960996 -2.2740479355855214 -2.557541073179804 -2.330179611348525 -1.736621464382053 -0.9331647969525783 -1.2783463691812973 0.3355769707222309 -0.8815895543239326 -0.9504341527890594 0.08649935379897317 1.089910557647616 0.2668637244865103 0.037664569004326395 -0.5268978015157296 -0.4467694236458196 -1.1811697726080748 -1.3458426028439108 0.13471383328837844 0.0 0.0 0.0 0.0 0.0 0.0
0.0 -0.7576148187297498 0.7421758854232496 1.3649747427846648 -0.5535956250930524 0.2329067219955667 -0.2493209143803872 0.08315761889987311 -0.4458751156068146 -0.9425525308547676 -0.27247400789600884 0.34883976992726495 0.85423930756763 0.6231569450278476 0.4688902700456894 -0.07429508310389354 0.22037553415057504 -0.039647401431607165 -0.0037960791238258003 -0.1493707178153129 0.519771231451457 0.22979430045414892 0.0 0.0 0.0 0.0 0.0
-0.11504091027203035 -0.29485238908574707 -1.504089543336745 -1.55305101898962 0.5090627350436276 -0.6423568887392463 -0.18299084438536709 -0.28803811463315554 -0.0836342783711832 -0.36477560273021425 -0.9540294797527274 -1.0975070923727832 -0.4624649216193376 0.3591457948211382 0.035205539272443895 0.06066246789008184 -0.013086840025246252 0.06332047236245843 -0.005507315408421824 0.43535169378279265 -0.9442121149238749 -1.7552204744520872 0.0 0.0 0.0 0.0 0.0
0.07583310175564298 0.08584358140986047 0.11563687735043822 0.25021330090651983 0.5131163356698973 -0.5801952571290315 -0.22618716908971276 0.25913352852401966 0.19845248645808505 -0.41598785430384205 -0.46571733091750694 -0.3552444914130747 -0.26513529538223124 -0.18067692120257076 0.05242866231036243 0.03056706269343483 0.043313832239395215 0.0214970784229168 0.05998389212061287 0.12687426114418546 -0.5800852913881186 0.038605640646415314 0.3980868418890703 0.0 0.0 0.0 0.0
-0.8647671968313213 -0.7058056624192262 -1.0661654999729278 -0.5790103426838942 -0.06090352446061553 0.45773489750368035 0.5108837854442695 0.46790138178426377 0.3853418009036715 0.3025780330450946 0.1310708031058232 0.029294693557863027 0.026294556010038647 -0.010571015227874956 0.008533639687707002 0.036311438299076335 0.020965825285460524 0.03004683710823276 0.04317290254180221 0.09701283499490741 0.33408227337936514 1.1702289080035053 1.2265756023469034 0.0 0.0 0.0 0.0
-0.9509619995950747 -0.14635934490533123 1.4211716936535714 1.6316821352646196 -0.16045114098610086 -0.8663957084444888 -0.5245325747117237 -0.03885086045641212 0.071193536049625 0.1338287228842859 0.21226721312492844 0.25854084418368906 0.21763544636343213 0.1252120485195948 0.04850183093063932 0.025727505013932124 0.025357613477405425 0.019138967839008147 0.040387971519598005 0.06252975222112933 0.23092866946228266 -0.4086523992769722 -0.6291863484583992 0.0 0.0 0.0 0.0
-0.28351683708115905 0.0719121049734271 -0.32294784836966134 -0.1341535419019546 0.7370835543417469 0.4515594686894147 -0.06617676521878085 -0.3718222611273633 -0.18951924356062944 -0.04164044773411872 0.05466963092735901 0.14372461572329742 0.19928866529440295 0.14431159295375304 0.06681587098322883 0.02199770897624935 0.026270687958769464 0.01881108668747198 0.02957368906650182 0.05304923622275332 0.1245644494474161 0.3264388199034774 0.4683042755681367 0.14281988995401013 0.0 0.0 0.0
-0.7015295924804847 1.2931388880039096 2.409206162930149 1.8672675981437044 0.4586635580615528 -0.37223432069966256 -0.3459908637768224 -0.23267638295731252 -0.2570215854439029 -0.19445997387784125 -0.09136033549600274 0.03012919989293735 0.13541523100533556 0.10059349880155972 0.04905255367735285 0.029769142381375277 0.017921924807029803 0.016230059996285424 0.017975371255159637 0.03175266501161064 0.06046184076236932 0.13601460832005488 2.2281322340797995 1.201139756438118 0.0 0.0 0.0
0.2924073574392734 0.1786019192435932 -0.5072334473235479 -1.591760574343141 -0.002462568925338354 0.5123961990517694 0.26600853486035253 0.011145317122522612 -0.2263831464062077 -0.2513068474484058 -0.19299412466758337 -0.07619209973636903 0.04310775649044777 0.04528493377560861 0.024041277977477946 0.016696176129499626 0.02204495077655202 0.008095220724316095 0.013073087216053452 0.013066436307656285 0.019951978267281706 0.04977100148105411 0.18213339421948177 1.1825459597720482 0.0 0.0 0.0
-1.0492206434936069 0.21378326398134767 0.9434575848771528 -0.13458504182616696 -0.3782752746068748 -0.19389330160890692 -0.08511608568549896 -0.15174391870992515 -0.181615495199469 -0.16157497795448947 -0.12975423837969957 -0.08759194287858134 -0.020748192035060987 0.0059519964041635206 0.014469721340206904 0.012697722984242094 0.007944792548438617 0.007431315386459307 0.00486844015222976 0.007208745286379916 0.011944574361629054 0.01991844607412434 0.023465351154202365 -0.027573734159586527 0.0 0.0 0.0
0.5080385954122781 0.6400472431677401 -0.14994711201487915 -1.2551991901704032 -0.5039455015593886 -0.019038185914088054 0.06253247858793329 0.04579453488758718 -0.07931308786888713 -0.1297338645669258 -0.10408240892252002 -0.059291562199957404 -0.012313615748220407 -0.0018705879933819695 0.00879196024017583 0.007263465513073085 0.008239838680406933 -7.8642140765997e-05 0.002923869569593287 0.0009532361373288267 0.003111517602247902 0.008011962248355133 0.01816789291748022 0.10198653800319932 0.0 0.0 0.0
0.0 0.0 0.0 0.0 0.0 0.0 0.0 0.0 0.0 0.0 0.0 0.0 0.0 0.0 0.0 0.0 0.0 0.0 0.0 0.0 0.0 0.0 0.0 0.0 0.0 0.0 0.0
0.0 0.0 0.0 0.0 0.0 0.0 0.0 0.0 0.0 0.0 0.0 0.0 0.0 0.0 0.0 0.0 0.0 0.0 0.0 0.0 0.0 0.0 0.0 0.0 0.0 0.0 0.0
0.0 0.0 0.0 0.0 0.0 0.0 0.0 0.0 0.0 0.0 0.0 0.0 0.0 0.0 0.0 0.0 0.0 0.0 0.0 0.0 0.0 0.0 0.0 0.0 0.0 0.0 0.0
0.0 0.0 0.0 0.0 0.0 0.0 0.0 0.0 0.0 0.0 0.0 0.0 0.0 0.0 0.0 0.0 0.0 0.0 0.0 0.0 0.0 0.0 0.0 0.0 0.0 0.0 0.0
0.0 0.0 0.0 0.0 0.0 0.0 0.0 0.0 0.0 0.0 0.0 0.0 0.0 0.0 0.0 0.0 0.0 0.0 0.0 0.0 0.0 0.0 0.0 0.0 0.0 0.0 0.0
0.0 0.0 0.0 0.0 0.0 0.0 0.0 0.0 0.0 0.0 0.0 0.0 0.0 0.0 0.0 0.0 0.0 0.0 0.0 0.0 0.0 0.0 0.0 0.0 0.0 0.0 0.0
0.0 0.0 0.0 0.0 0.0 0.0 0.0 0.0 0.0 0.0 0.0 0.0 0.0 0.0 0.0 0.0 0.0 0.0 0.0 0.0 0.0 0.0 0.0 0.0 0.0 0.0 0.0
0.0 0.0 0.0 0.0 0.0 0.0 0.0 0.0 0.0 0.0 0.0 0.0 0.0 0.0 0.0 0.0 0.0 0.0 0.0 0.0 0.0 0.0 0.0 0.0 0.0 0.0 0.0
0.0 0.0 0.0 0.0 0.0 0.0 0.0 0.0 0.0 0.0 0.0 0.0 0.0 0.0 0.0 0.0 0.0 0.0 0.0 0.0 0.0 0.0 0.0 0.0 0.0 0.0 0.0
0.0 0.0 0.0 0.0 0.0 0.0 0.0 0.0 0.0 0.0 0.0 0.0 0.0 0.0 0.0 0.0 0.0 0.0 0.0 0.0 0.0 0.0 0.0 0.0 0.0 0.0 0.0
0.0 0.0 0.0 0.0 0.0 0.0 0.0 0.0 0.0 0.0 0.0 0.0 0.0 0.0 0.0 0.0 0.0 0.0 0.0 0.0 0.0 0.0 0.0 0.0 0.0 0.0 0.0
0.0 0.0 0.0 0.0 0.0 0.0 0.0 0.0 0.0 0.0 0.0 0.0 0.0 0.0 0.0 0.0 0.0 0.0 0.0 0.0 0.0 0.0 0.0 0.0 0.0 0.0 0.0
0.0 0.0 0.0 0.0 0.0 0.0 0.0 0.0 0.0 0.0 0.0 0.0 0.0 0.0 0.0 0.0 0.0 0.0 0.0 0.0 0.0 0.0 0.0 0.0 0.0 0.0 0.0
0.0 0.0 0.0 0.0 0.0 0.0 0.0 0.0 0.0 0.0 0.0 0.0 0.0 0.0 0.0 0.0 0.0 0.0 0.0 0.0 0.0 0.0 0.0 0.0 0.0 0.0 0.0
0.0 0.0 0.0 0.0 0.0 0.0 0.0 0.0 0.0 0.0 0.0 0.0 0.0 0.0 0.0 0.0 0.0 0.0 0.0 0.0 0.0 0.0 0.0 0.0 0.0 0.0 0.0
0.0 0.0 0.0 0.0 0.0 0.0 0.0 0.0 0.0 0.0 0.0 0.0 0.0 0.0 0.0 0.0 0.0 0.0 0.0 0.0 0.0 0.0 0.0 0.0 0.0 0.0 0.0
0.0 0.0 0.0 0.0 0.0 0.0 0.0 0.0 0.0 0.0 0.0 0.0 0.0 0.0 0.0 0.0 0.0 0.0 0.0 0.0 0.0 0.0 0.0 0.0 0.0 0.0 0.0
0.0 0.0 0.0 0.0 0.0 0.0 0.0 0.0 0.0 0.0 0.0 0.0 0.0 0.0 0.0 0.0 0.0 0.0 0.0 0.0 0.0 0.0 0.0 0.0 0.0 0.0 0.0
0.0 0.0 0.0 0.0 0.0 0.0 0.0 0.0 0.0 0.0 0.0 0.0 0.0 0.0 0.0 0.0 0.0 0.0 0.0 0.0 0.0 0.0 0.0 0.0 0.0 0.0 0.0
0.0 0.0 0.0 0.0 0.0 0.0 0.0 0.0 0.0 0.0 0.0 0.0 0.0 0.0 0.0 0.0 0.0 0.0 0.0 0.0 0.0 0.0 0.0 0.0 0.0 0.0 0.0
0.0 0.0 0.0 0.0 0.0 0.0 0.0 0.0 0.0 0.0 0.0 0.0 0.0 0.0 0.0 0.0 0.0 0.0 0.0 0.0 0.0 0.0 0.0 0.0 0.0 0.0 0.0
0.0 0.0 0.0 0.0 0.0 0.0 0.0 0.0 0.0 0.0 0.0 0.0 0.0 0.0 0.0 0.0 0.0 0.0 0.0 0.0 0.0 0.0 0.0 0.0 0.0 0.0 0.0
0.0 0.0 0.0 0.0 0.0 0.0 0.0 0.0 0.0 0.0 0.0 0.0 0.0 0.0 0.0 0.0 0.0 0.0 0.0 0.0 0.0 0.0 0.0 0.0 0.0 0.0 0.0
0.0 0.0 0.0 0.0 0.0 0.0 0.0 0.0 0.0 0.0 0.0 0.0 0.0 0.0 0.0 0.0 0.0 0.0 0.0 0.0 0.0 0.0 0.0 0.0 0.0 0.0 0.0
0.0 0.0 0.0 0.0 0.0 0.0 0.0 0.0 0.0 0.0 0.0 0.0 0.0 0.0 0.0 0.0 0.0 0.0 0.0 0.0 0.0 0.0 0.0 0.0 0.0 0.0 0.0
0.0 0.0 0.0 0.0 0.0 0.0 0.0 0.0 0.0 0.0 0.0 0.0 0.0 0.0 0.0 0.0 0.0 0.0 0.0 0.0 0.0 0.0 0.0 0.0 0.0 0.0 0.0
0.0 0.0 0.0 0.0 0.0 0.0 0.0 0.0 0.0 0.0 0.0 0.0 0.0 0.0 0.0 0.0 0.0 0.0 0.0 0.0 0.0 0.0 0.0 0.0 0.0 0.0 0.0
0.0 0.0 0.0 0.0 0.0 0.0 0.0 0.0 0.0 0.0 0.0 0.0 0.0 0.0 0.0 0.0 0.0 0.0 0.0 0.0 0.0 0.0 0.0 0.0 0.0 0.0 0.0
0.0 0.0 0.0 0.0 0.0 0.0 0.0 0.0 0.0 0.0 0.0 0.0 0.0 0.0 0.0 0.0 0.0 0.0 0.0 0.0 0.0 0.0 0.0 0.0 0.0 0.0 0.0
0.0 0.0 0.0 0.0 0.0 0.0 0.0 0.0 0.0 0.0 0.0 0.0 0.0 0.0 0.0 0.0 0.0 0.0 0.0 0.0 0.0 0.0 0.0 0.0 0.0 0.0 0.0
0.0 0.0 0.0 0.0 0.0 0.0 0.0 0.0 0.0 0.0 0.0 0.0 0.0 0.0 0.0 0.0 0.0 0.0 0.0 0.0 0.0 0.0 0.0 0.0 0.0 0.0 0.0
0.0 0.0 0.0 0.0 0.0 0.0 0.0 0.0 0.0 0.0 0.0 0.0 0.0 0.0 0.0 0.0 0.0 0.0 0.0 0.0 0.0 0.0 0.0 0.0 0.0 0.0 0.0
0.0 0.0 0.0 0.0 0.0 0.0 0.0 0.0 0.0 0.0 0.0 0.0 0.0 0.0 0.0 0.0 0.0 0.0 0.0 0.0 0.0 0.0 0.0 0.0 0.0 0.0 0.0
0.0 0.0 0.0 0.0 0.0 0.0 0.0 0.0 0.0 0.0 0.0 0.0 0.0 0.0 0.0 0.0 0.0 0.0 0.0 0.0 0.0 0.0 0.0 0.0 0.0 0.0 0.0
0.0 0.0 0.0 0.0 0.0 0.0 0.0 0.0 0.0 0.0 0.0 0.0 0.0 0.0 0.0 0.0 0.0 0.0 0.0 0.0 0.0 0.0 0.0 0.0 0.0 0.0 0.0
0.0 0.0 0.0 0.0 0.0 0.0 0.0 0.0 0.0 0.0 0.0 0.0 0.0 0.0 0.0 0.0 0.0 0.0 0.0 0.0 0.0 0.0 0.0 0.0 0.0 0.0 0.0
0.0 0.0 0.0 0.0 0.0 0.0 0.0 0.0 0.0 0.0 0.0 0.0 0.0 0.0 0.0 0.0 0.0 0.0 0.0 0.0 0.0 0.0 0.0 0.0 0.0 0.0 0.0
0.0 0.0 0.0 0.0 0.0 0.0 0.0 0.0 0.0 0.0 0.0 0.0 0.0 0.0 0.0 0.0 0.0 0.0 0.0 0.0 0.0 0.0 0.0 0.0 0.0 0.0 0.0
0.0 0.0 0.0 0.0 0.0 0.0 0.0 0.0 0.0 0.0 0.0 0.0 0.0 0.0 0.0 0.0 0.0 0.0 0.0 0.0 0.0 0.0 0.0 0.0 0.0 0.0 0.0
0.0 0.0 0.0 0.0 0.0 0.0 0.0 0.0 0.0 0.0 0.0 0.0 0.0 0.0 0.0 0.0 0.0 0.0 0.0 0.0 0.0 0.0 0.0 0.0 0.0 0.0 0.0
0.0 0.0 0.0 0.0 0.0 0.0 0.0 0.0 0.0 0.0 0.0 0.0 0.0 0.0 0.0 0.0 0.0 0.0 0.0 0.0 0.0 0.0 0.0 0.0 0.0 0.0 0.0
0.0 0.0 0.0 0.0 0.0 0.0 0.0 0.0 0.0 0.0 0.0 0.0 0.0 0.0 0.0 0.0 0.0 0.0 0.0 0.0 0.0 0.0 0.0 0.0 0.0 0.0 0.0
0.0 0.0 0.0 0.0 0.0 0.0 0.0 0.0 0.0 0.0 0.0 0.0 0.0 0.0 0.0 0.0 0.0 0.0 0.0 0.0 0.0 0.0 0.0 0.0 0.0 0.0 0.0
0.0 0.0 0.0 0.0 0.0 0.0 0.0 0.0 0.0 0.0 0.0 0.0 0.0 0.0 0.0 0.0 0.0 0.0 0.0 0.0 0.0 0.0 0.0 0.0 0.0 0.0 0.0
0.0 0.0 0.0 0.0 0.0 0.0 0.0 0.0 0.0 0.0 0.0 0.0 0.0 0.0 0.0 0.0 0.0 0.0 0.0 0.0 0.0 0.0 0.0 0.0 0.0 0.0 0.0
0.0 0.0 0.0 0.0 0.0 0.0 0.0 0.0 0.0 0.0 0.0 0.0 0.0 0.0 0.0 0.0 0.0 0.0 0.0 0.0 0.0 0.0 0.0 0.0 0.0 0.0 0.0
0.0 0.0 0.0 0.0 0.0 0.0 0.0 0.0 0.0 0.0 0.0 0.0 0.0 0.0 0.0 0.0 0.0 0.0 0.0 0.0 0.0 0.0 0.0 0.0 0.0 0.0 0.0
0.0 0.0 0.0 0.0 0.0 0.0 0.0 0.0 0.0 0.0 0.0 0.0 0.0 0.0 0.0 0.0 0.0 0.0 0.0 0.0 0.0 0.0 0.0 0.0 0.0 0.0 0.0
0.0 0.0 0.0 0.0 0.0 0.0 0.0 0.0 0.0 0.0 0.0 0.0 0.0 0.0 0.0 0.0 0.0 0.0 0.0 0.0 0.0 0.0 0.0 0.0 0.0 0.0 0.0
0.0 0.0 0.0 0.0 0.0 0.0 0.0 0.0 0.0 0.0 0.0 0.0 0.0 0.0 0.0 0.0 0.0 0.0 0.0 0.0 0.0 0.0 0.0 0.0 0.0 0.0 0.0
0.0 0.0 0.0 0.0 0.0 0.0 0.0 0.0 0.0 0.0 0.0 0.0 0.0 0.0 0.0 0.0 0.0 0.0 0.0 0.0 0.0 0.0 0.0 0.0 0.0 0.0 0.0
#